-9.900000	14.722704	0.000000	0.000000	0.000000	0.000000	0.000000	0.000000 
-9.800000	10.793208	0.000000	0.000000	0.000000	0.000000	0.000000	0.000000 
-9.700000	6.277597	0.000000	0.000000	0.000000	0.000000	0.000000	0.000000 
-9.600000	4.727161	0.000000	0.000000	0.000000	0.000000	0.000000	0.000000 
-9.500000	8.730773	0.000000	0.000000	0.000000	0.000000	0.000000	0.000000 
-9.400000	10.532546	0.000000	0.000000	0.000000	0.000000	0.000000	0.000000 
-9.300000	-8.993056	0.000000	0.000000	0.000000	0.000000	0.000000	0.000000 
-9.200000	12.910416	0.000000	0.000000	0.000000	0.000000	0.000000	0.000000 
-9.100000	-12.865061	0.000000	0.000000	0.000000	0.000000	0.000000	0.000000 
-9.000000	-20.011811	0.000000	0.000000	0.000000	0.000000	0.000000	0.000000 
-8.900000	-6.244456	0.000000	0.000000	0.000000	0.000000	0.000000	0.000000 
-8.800000	-30.428243	0.000000	0.000000	0.000000	0.000000	0.000000	0.000000 
-8.700000	-22.474839	0.000000	0.000000	0.000000	0.000000	0.000000	0.000000 
-8.600000	-25.214705	0.000000	0.000000	0.000000	0.000000	0.000000	0.000000 
-8.500000	-10.369499	0.000000	0.000000	0.000000	0.000000	0.000000	0.000000 
-8.400000	-16.568491	0.000000	0.000000	0.000000	0.000000	0.000000	0.000000 
-8.300000	-12.870331	0.000000	0.000000	0.000000	0.000000	0.000000	0.000000 
-8.200000	-15.037711	0.000000	0.000000	0.000000	0.000000	0.000000	0.000000 
-8.100000	6.313377	0.000000	0.000000	0.000000	0.000000	0.000000	0.000000 
-8.000000	10.096605	0.000000	0.000000	0.000000	0.000000	0.000000	0.000000 
-7.900000	6.892661	0.000000	0.000000	0.000000	0.000000	0.000000	0.000000 
-7.800000	1.633235	0.000000	0.000000	0.000000	0.000000	0.000000	0.000000 
-7.700000	21.354543	0.000000	0.000000	0.000000	0.000000	0.000000	0.000000 
-7.600000	6.746841	0.000000	0.000000	0.000000	0.000000	0.000000	0.000000 
-7.500000	13.439579	0.000000	0.000000	0.000000	0.000000	0.000000	0.000000 
-7.400000	-0.691626	0.000000	0.000000	0.000000	0.000000	0.000000	0.000000 
-7.300000	8.021111	0.000000	0.000000	0.000000	0.000000	0.000000	0.000000 
-7.200000	-5.505130	0.000000	0.000000	0.000000	0.000000	0.000000	0.000000 
-7.100000	-10.065970	0.000000	0.000000	0.000000	0.000000	0.000000	0.000000 
-7.000000	6.937279	0.000000	0.000000	0.000000	0.000000	0.000000	0.000000 
-6.900000	-2.488271	0.000000	0.000000	0.000000	0.000000	0.000000	0.000000 
-6.800000	-2.920165	0.000000	0.000000	0.000000	0.000000	0.000000	0.000000 
-6.700000	-1.504768	0.000000	0.000000	0.000000	0.000000	0.000000	0.000000 
-6.600000	-0.315554	0.000000	0.000000	0.000000	0.000000	0.000000	0.000000 
-6.500000	-4.810484	0.000000	0.000000	0.000000	0.000000	0.000000	0.000000 
-6.400000	1.192471	0.000000	0.000000	0.000000	0.000000	0.000000	0.000000 
-6.300000	11.627852	0.000000	0.000000	0.000000	0.000000	0.000000	0.000000 
-6.200000	3.220196	0.000000	0.000000	0.000000	0.000000	0.000000	0.000000 
-6.100000	2.641729	0.000000	0.000000	0.000000	0.000000	0.000000	0.000000 
-6.000000	2.353209	0.000000	0.000000	0.000000	0.000000	0.000000	0.000000 
-5.900000	1.978408	0.000000	0.000000	0.000000	0.000000	0.000000	0.000000 
-5.800000	-0.548103	0.000000	0.000000	0.000000	0.000000	0.000000	0.000000 
-5.700000	-5.193134	0.000000	0.000000	0.000000	0.000000	0.000000	0.000000 
-5.600000	11.449230	0.000000	0.000000	0.000000	0.000000	0.000000	0.000000 
-5.500000	18.298213	0.000000	0.000000	0.000000	0.000000	0.000000	0.000000 
-5.400000	20.570359	0.000000	0.000000	0.000000	0.000000	0.000000	0.000000 
-5.300000	28.322336	0.000000	0.000000	0.000000	0.000000	0.000000	0.000000 
-5.200000	3.377808	0.000000	0.000000	0.000000	0.000000	0.000000	0.000000 
-5.100000	-1.794448	0.000000	0.000000	0.000000	0.000000	0.000000	0.000000 
-5.000000	0.885925	0.000000	0.000000	0.000000	0.000000	0.000000	0.000000 
-4.900000	13.666636	0.000000	0.000000	0.000000	0.000000	0.000000	0.000000 
-4.800000	8.070409	0.000000	0.000000	0.000000	0.000000	0.000000	0.000000 
-4.700000	1.802276	0.000000	0.000000	0.000000	0.000000	0.000000	0.000000 
-4.600000	8.902376	0.000000	0.000000	0.000000	0.000000	0.000000	0.000000 
-4.500000	-7.833223	0.000000	0.000000	0.000000	0.000000	0.000000	0.000000 
-4.400000	3.801738	0.000000	0.000000	0.000000	0.000000	0.000000	0.000000 
-4.300000	4.625476	0.000000	0.000000	0.000000	0.000000	0.000000	0.000000 
-4.200000	-24.533161	0.000000	0.000000	0.000000	0.000000	0.000000	0.000000 
-4.100000	2.725286	0.000000	0.000000	0.000000	0.000000	0.000000	0.000000 
-4.000000	-3.435339	0.000000	0.000000	0.000000	0.000000	0.000000	0.000000 
-3.900000	-0.308173	0.000000	0.000000	0.000000	0.000000	0.000000	0.000000 
-3.800000	14.473044	0.000000	0.000000	0.000000	0.000000	0.000000	0.000000 
-3.700000	-5.660580	0.000000	0.000000	0.000000	0.000000	0.000000	0.000000 
-3.600000	28.050306	0.000000	0.000000	0.000000	0.000000	0.000000	0.000000 
-3.500000	25.069015	0.000000	0.000000	0.000000	0.000000	0.000000	0.000000 
-3.400000	22.650272	0.000000	0.000000	0.000000	0.000000	0.000000	0.000000 
-3.300000	34.252913	0.000000	0.000000	0.000000	0.000000	0.000000	0.000000 
-3.200000	36.549187	0.000000	0.000000	0.000000	0.000000	0.000000	0.000000 
-3.100000	28.517292	0.000000	0.000000	0.000000	0.000000	0.000000	0.000000 
-3.000000	36.926838	0.000000	0.000000	0.000000	0.000000	0.000000	0.000000 
-2.900000	32.833106	0.000000	0.000000	0.000000	0.000000	0.000000	0.000000 
-2.800000	30.655677	0.000000	0.000000	0.000000	0.000000	0.000000	0.000000 
-2.700000	37.417705	0.000000	0.000000	0.000000	0.000000	0.000000	0.000000 
-2.600000	39.555463	0.000000	0.000000	0.000000	0.000000	0.000000	0.000000 
-2.500000	40.066725	0.000000	0.000000	0.000000	0.000000	0.000000	0.000000 
-2.400000	45.464999	0.000000	0.000000	0.000000	0.000000	0.000000	0.000000 
-2.300000	28.026334	0.000000	0.000000	0.000000	0.000000	0.000000	0.000000 
-2.200000	33.426194	0.000000	0.000000	0.000000	0.000000	0.000000	0.000000 
-2.100000	35.384026	0.000000	0.000000	0.000000	0.000000	0.000000	0.000000 
-2.000000	52.637698	0.000000	0.000000	0.000000	0.000000	0.000000	0.000000 
-1.900000	38.173910	0.000000	0.000000	0.000000	0.000000	0.000000	0.000000 
-1.800000	47.006540	0.000000	0.000000	0.000000	0.000000	0.000000	0.000000 
-1.700000	49.565329	0.000000	0.000000	0.000000	0.000000	0.000000	0.000000 
-1.600000	32.952540	0.000000	0.000000	0.000000	0.000000	0.000000	0.000000 
-1.500000	52.023044	0.000000	0.000000	0.000000	0.000000	0.000000	0.000000 
-1.400000	53.671666	0.000000	0.000000	0.000000	0.000000	0.000000	0.000000 
-1.300000	61.936179	0.000000	0.000000	0.000000	0.000000	0.000000	0.000000 
-1.200000	52.741893	0.000000	0.000000	0.000000	0.000000	0.000000	0.000000 
-1.100000	50.500899	0.000000	0.000000	0.000000	0.000000	0.000000	0.000000 
-1.000000	63.949765	0.000000	0.000000	0.000000	0.000000	0.000000	0.000000 
-0.900000	84.481883	0.000000	0.000000	0.000000	0.000000	0.000000	0.000000 
-0.800000	56.375403	0.000000	0.000000	0.000000	0.000000	0.000000	0.000000 
-0.700000	60.990451	0.000000	0.000000	0.000000	0.000000	0.000000	0.000000 
-0.600000	67.954888	0.000000	0.000000	0.000000	0.000000	0.000000	0.000000 
-0.500000	56.636414	0.000000	0.000000	0.000000	0.000000	0.000000	0.000000 
-0.400000	62.131810	0.000000	0.000000	0.000000	0.000000	0.000000	0.000000 
-0.300000	60.617506	0.000000	0.000000	0.000000	0.000000	0.000000	0.000000 
-0.200000	69.977109	0.000000	0.000000	0.000000	0.000000	0.000000	0.000000 
-0.100000	68.031694	0.000000	0.000000	0.000000	0.000000	0.000000	0.000000 
-0.000000	45.702179	0.000000	0.000000	0.000000	0.000000	0.000000	0.000000 
0.100000	46.148624	0.000000	0.000000	0.000000	0.000000	0.000000	0.000000 
0.200000	47.937896	0.000000	0.000000	0.000000	0.000000	0.000000	0.000000 
0.300000	42.767587	0.000000	0.000000	0.000000	0.000000	0.000000	0.000000 
0.400000	59.398499	0.000000	0.000000	0.000000	0.000000	0.000000	0.000000 
0.500000	52.502274	0.000000	0.000000	0.000000	0.000000	0.000000	0.000000 
0.600000	60.743449	0.000000	0.000000	0.000000	0.000000	0.000000	0.000000 
0.700000	56.476363	0.000000	0.000000	0.000000	0.000000	0.000000	0.000000 
0.800000	58.086846	0.000000	0.000000	0.000000	0.000000	0.000000	0.000000 
0.900000	71.335446	0.000000	0.000000	0.000000	0.000000	0.000000	0.000000 
1.000000	71.070367	0.000000	0.000000	0.000000	0.000000	0.000000	0.000000 
1.100000	67.404603	0.000000	0.000000	0.000000	0.000000	0.000000	0.000000 
1.200000	55.616363	0.000000	0.000000	0.000000	0.000000	0.000000	0.000000 
1.300000	75.030421	0.000000	0.000000	0.000000	0.000000	0.000000	0.000000 
1.400000	63.705676	0.000000	0.000000	0.000000	0.000000	0.000000	0.000000 
1.500000	70.265923	0.000000	0.000000	0.000000	0.000000	0.000000	0.000000 
1.600000	67.273989	0.000000	0.000000	0.000000	0.000000	0.000000	0.000000 
1.700000	70.980678	0.000000	0.000000	0.000000	0.000000	0.000000	0.000000 
1.800000	97.267851	0.000000	0.000000	0.000000	0.000000	0.000000	0.000000 
1.900000	77.756931	0.000000	0.000000	0.000000	0.000000	0.000000	0.000000 
2.000000	68.150913	0.000000	0.000000	0.000000	0.000000	0.000000	0.000000 
2.100000	57.031644	0.000000	0.000000	0.000000	0.000000	0.000000	0.000000 
2.200000	61.417390	0.000000	0.000000	0.000000	0.000000	0.000000	0.000000 
2.300000	53.079794	0.000000	0.000000	0.000000	0.000000	0.000000	0.000000 
2.400000	48.600388	0.000000	0.000000	0.000000	0.000000	0.000000	0.000000 
2.500000	51.461899	0.000000	0.000000	0.000000	0.000000	0.000000	0.000000 
2.600000	54.971522	0.000000	0.000000	0.000000	0.000000	0.000000	0.000000 
2.700000	59.201248	0.000000	0.000000	0.000000	0.000000	0.000000	0.000000 
2.800000	60.041924	0.000000	0.000000	0.000000	0.000000	0.000000	0.000000 
2.900000	37.788070	0.000000	0.000000	0.000000	0.000000	0.000000	0.000000 
3.000000	42.057604	0.000000	0.000000	0.000000	0.000000	0.000000	0.000000 
3.100000	26.507123	0.000000	0.000000	0.000000	0.000000	0.000000	0.000000 
3.200000	15.705368	0.000000	0.000000	0.000000	0.000000	0.000000	0.000000 
3.300000	13.492646	0.000000	0.000000	0.000000	0.000000	0.000000	0.000000 
3.400000	19.846435	0.000000	0.000000	0.000000	0.000000	0.000000	0.000000 
3.500000	38.668125	0.000000	0.000000	0.000000	0.000000	0.000000	0.000000 
3.600000	18.677253	0.000000	0.000000	0.000000	0.000000	0.000000	0.000000 
3.700000	36.836148	0.000000	0.000000	0.000000	0.000000	0.000000	0.000000 
3.800000	4.769570	0.000000	0.000000	0.000000	0.000000	0.000000	0.000000 
3.900000	11.591480	0.000000	0.000000	0.000000	0.000000	0.000000	0.000000 
4.000000	8.433570	0.000000	0.000000	0.000000	0.000000	0.000000	0.000000 
4.100000	9.270123	0.000000	0.000000	0.000000	0.000000	0.000000	0.000000 
4.200000	5.742367	0.000000	0.000000	0.000000	0.000000	0.000000	0.000000 
4.300000	7.429981	0.000000	0.000000	0.000000	0.000000	0.000000	0.000000 
4.400000	6.728097	0.000000	0.000000	0.000000	0.000000	0.000000	0.000000 
4.500000	8.879129	0.000000	0.000000	0.000000	0.000000	0.000000	0.000000 
4.600000	9.491585	0.000000	0.000000	0.000000	0.000000	0.000000	0.000000 
4.700000	4.892264	0.000000	0.000000	0.000000	0.000000	0.000000	0.000000 
4.800000	12.918277	0.000000	0.000000	0.000000	0.000000	0.000000	0.000000 
4.900000	7.686082	0.000000	0.000000	0.000000	0.000000	0.000000	0.000000 
5.000000	-6.174149	0.000000	0.000000	0.000000	0.000000	0.000000	0.000000 
5.100000	3.358216	0.000000	0.000000	0.000000	0.000000	0.000000	0.000000 
5.200000	13.361958	0.000000	0.000000	0.000000	0.000000	0.000000	0.000000 
5.300000	18.453190	0.000000	0.000000	0.000000	0.000000	0.000000	0.000000 
5.400000	16.771108	0.000000	0.000000	0.000000	0.000000	0.000000	0.000000 
5.500000	-10.768975	0.000000	0.000000	0.000000	0.000000	0.000000	0.000000 
5.600000	15.717332	0.000000	0.000000	0.000000	0.000000	0.000000	0.000000 
5.700000	-4.045848	0.000000	0.000000	0.000000	0.000000	0.000000	0.000000 
5.800000	-10.675814	0.000000	0.000000	0.000000	0.000000	0.000000	0.000000 
5.900000	-12.355738	0.000000	0.000000	0.000000	0.000000	0.000000	0.000000 
6.000000	-10.623483	0.000000	0.000000	0.000000	0.000000	0.000000	0.000000 
6.100000	-18.294911	0.000000	0.000000	0.000000	0.000000	0.000000	0.000000 
6.200000	-13.925698	0.000000	0.000000	0.000000	0.000000	0.000000	0.000000 
6.300000	-4.366004	0.000000	0.000000	0.000000	0.000000	0.000000	0.000000 
6.400000	-19.880403	0.000000	0.000000	0.000000	0.000000	0.000000	0.000000 
6.500000	-9.976366	0.000000	0.000000	0.000000	0.000000	0.000000	0.000000 
6.600000	-5.891550	0.000000	0.000000	0.000000	0.000000	0.000000	0.000000 
6.700000	-6.236230	0.000000	0.000000	0.000000	0.000000	0.000000	0.000000 
6.800000	1.449800	0.000000	0.000000	0.000000	0.000000	0.000000	0.000000 
6.900000	-21.186951	0.000000	0.000000	0.000000	0.000000	0.000000	0.000000 
7.000000	3.748204	0.000000	0.000000	0.000000	0.000000	0.000000	0.000000 
7.100000	7.952782	0.000000	0.000000	0.000000	0.000000	0.000000	0.000000 
7.200000	-1.656252	0.000000	0.000000	0.000000	0.000000	0.000000	0.000000 
7.300000	-0.768656	0.000000	0.000000	0.000000	0.000000	0.000000	0.000000 
7.400000	-15.673149	0.000000	0.000000	0.000000	0.000000	0.000000	0.000000 
7.500000	6.851243	0.000000	0.000000	0.000000	0.000000	0.000000	0.000000 
7.600000	3.360451	0.000000	0.000000	0.000000	0.000000	0.000000	0.000000 
7.700000	-4.369348	0.000000	0.000000	0.000000	0.000000	0.000000	0.000000 
7.800000	-1.399118	0.000000	0.000000	0.000000	0.000000	0.000000	0.000000 
7.900000	1.674134	0.000000	0.000000	0.000000	0.000000	0.000000	0.000000 
8.000000	17.987913	0.000000	0.000000	0.000000	0.000000	0.000000	0.000000 
8.100000	6.304030	0.000000	0.000000	0.000000	0.000000	0.000000	0.000000 
8.200000	0.773744	0.000000	0.000000	0.000000	0.000000	0.000000	0.000000 
8.300000	14.402833	0.000000	0.000000	0.000000	0.000000	0.000000	0.000000 
8.400000	8.934517	0.000000	0.000000	0.000000	0.000000	0.000000	0.000000 
8.500000	-8.893413	0.000000	0.000000	0.000000	0.000000	0.000000	0.000000 
8.600000	1.311636	0.000000	0.000000	0.000000	0.000000	0.000000	0.000000 
8.700000	-4.380965	0.000000	0.000000	0.000000	0.000000	0.000000	0.000000 
8.800000	-1.830196	0.000000	0.000000	0.000000	0.000000	0.000000	0.000000 
8.900000	-4.243821	0.000000	0.000000	0.000000	0.000000	0.000000	0.000000 
9.000000	4.792929	0.000000	0.000000	0.000000	0.000000	0.000000	0.000000 
9.100000	12.516230	0.000000	0.000000	0.000000	0.000000	0.000000	0.000000 
9.200000	13.244497	0.000000	0.000000	0.000000	0.000000	0.000000	0.000000 
9.300000	18.039884	0.000000	0.000000	0.000000	0.000000	0.000000	0.000000 
9.400000	4.380530	0.000000	0.000000	0.000000	0.000000	0.000000	0.000000 
9.500000	6.475948	0.000000	0.000000	0.000000	0.000000	0.000000	0.000000 
9.600000	-4.359004	0.000000	0.000000	0.000000	0.000000	0.000000	0.000000 
9.700000	-1.116354	0.000000	0.000000	0.000000	0.000000	0.000000	0.000000 
9.800000	3.176535	0.000000	0.000000	0.000000	0.000000	0.000000	0.000000 
9.900000	22.460068	0.000000	0.000000	0.000000	0.000000	0.000000	0.000000 
10.000000	15.035683	0.000000	0.000000	0.000000	0.000000	0.000000	0.000000 
