-9.900000	-0.693764	0.000000	0.000000	0.000000	0.000000	0.000000	0.000000 
-9.800000	-14.813435	0.000000	0.000000	0.000000	0.000000	0.000000	0.000000 
-9.700000	-2.875527	0.000000	0.000000	0.000000	0.000000	0.000000	0.000000 
-9.600000	-9.938721	0.000000	0.000000	0.000000	0.000000	0.000000	0.000000 
-9.500000	-11.136495	0.000000	0.000000	0.000000	0.000000	0.000000	0.000000 
-9.400000	-1.021119	0.000000	0.000000	0.000000	0.000000	0.000000	0.000000 
-9.300000	-11.763638	0.000000	0.000000	0.000000	0.000000	0.000000	0.000000 
-9.200000	-17.253057	0.000000	0.000000	0.000000	0.000000	0.000000	0.000000 
-9.100000	-23.964038	0.000000	0.000000	0.000000	0.000000	0.000000	0.000000 
-9.000000	-28.989858	0.000000	0.000000	0.000000	0.000000	0.000000	0.000000 
-8.900000	-15.718026	0.000000	0.000000	0.000000	0.000000	0.000000	0.000000 
-8.800000	-24.301304	0.000000	0.000000	0.000000	0.000000	0.000000	0.000000 
-8.700000	-14.264474	0.000000	0.000000	0.000000	0.000000	0.000000	0.000000 
-8.600000	-3.339326	0.000000	0.000000	0.000000	0.000000	0.000000	0.000000 
-8.500000	-22.594515	0.000000	0.000000	0.000000	0.000000	0.000000	0.000000 
-8.400000	-10.977260	0.000000	0.000000	0.000000	0.000000	0.000000	0.000000 
-8.300000	-5.246280	0.000000	0.000000	0.000000	0.000000	0.000000	0.000000 
-8.200000	-15.805518	0.000000	0.000000	0.000000	0.000000	0.000000	0.000000 
-8.100000	7.504839	0.000000	0.000000	0.000000	0.000000	0.000000	0.000000 
-8.000000	0.573411	0.000000	0.000000	0.000000	0.000000	0.000000	0.000000 
-7.900000	1.307855	0.000000	0.000000	0.000000	0.000000	0.000000	0.000000 
-7.800000	3.521862	0.000000	0.000000	0.000000	0.000000	0.000000	0.000000 
-7.700000	-15.053121	0.000000	0.000000	0.000000	0.000000	0.000000	0.000000 
-7.600000	-1.520176	0.000000	0.000000	0.000000	0.000000	0.000000	0.000000 
-7.500000	-3.242885	0.000000	0.000000	0.000000	0.000000	0.000000	0.000000 
-7.400000	2.961953	0.000000	0.000000	0.000000	0.000000	0.000000	0.000000 
-7.300000	2.884216	0.000000	0.000000	0.000000	0.000000	0.000000	0.000000 
-7.200000	-6.953592	0.000000	0.000000	0.000000	0.000000	0.000000	0.000000 
-7.100000	-3.474162	0.000000	0.000000	0.000000	0.000000	0.000000	0.000000 
-7.000000	-0.111150	0.000000	0.000000	0.000000	0.000000	0.000000	0.000000 
-6.900000	-10.580546	0.000000	0.000000	0.000000	0.000000	0.000000	0.000000 
-6.800000	4.154263	0.000000	0.000000	0.000000	0.000000	0.000000	0.000000 
-6.700000	-8.795811	0.000000	0.000000	0.000000	0.000000	0.000000	0.000000 
-6.600000	6.132768	0.000000	0.000000	0.000000	0.000000	0.000000	0.000000 
-6.500000	10.865789	0.000000	0.000000	0.000000	0.000000	0.000000	0.000000 
-6.400000	10.806812	0.000000	0.000000	0.000000	0.000000	0.000000	0.000000 
-6.300000	-8.116127	0.000000	0.000000	0.000000	0.000000	0.000000	0.000000 
-6.200000	-3.309215	0.000000	0.000000	0.000000	0.000000	0.000000	0.000000 
-6.100000	9.068173	0.000000	0.000000	0.000000	0.000000	0.000000	0.000000 
-6.000000	-0.815415	0.000000	0.000000	0.000000	0.000000	0.000000	0.000000 
-5.900000	-7.344332	0.000000	0.000000	0.000000	0.000000	0.000000	0.000000 
-5.800000	-9.320878	0.000000	0.000000	0.000000	0.000000	0.000000	0.000000 
-5.700000	-9.118544	0.000000	0.000000	0.000000	0.000000	0.000000	0.000000 
-5.600000	-3.977805	0.000000	0.000000	0.000000	0.000000	0.000000	0.000000 
-5.500000	-13.229785	0.000000	0.000000	0.000000	0.000000	0.000000	0.000000 
-5.400000	-1.206184	0.000000	0.000000	0.000000	0.000000	0.000000	0.000000 
-5.300000	-0.080270	0.000000	0.000000	0.000000	0.000000	0.000000	0.000000 
-5.200000	12.148171	0.000000	0.000000	0.000000	0.000000	0.000000	0.000000 
-5.100000	12.635515	0.000000	0.000000	0.000000	0.000000	0.000000	0.000000 
-5.000000	-11.743651	0.000000	0.000000	0.000000	0.000000	0.000000	0.000000 
-4.900000	-19.129830	0.000000	0.000000	0.000000	0.000000	0.000000	0.000000 
-4.800000	-6.213800	0.000000	0.000000	0.000000	0.000000	0.000000	0.000000 
-4.700000	-14.315254	0.000000	0.000000	0.000000	0.000000	0.000000	0.000000 
-4.600000	0.483426	0.000000	0.000000	0.000000	0.000000	0.000000	0.000000 
-4.500000	4.853483	0.000000	0.000000	0.000000	0.000000	0.000000	0.000000 
-4.400000	-3.983608	0.000000	0.000000	0.000000	0.000000	0.000000	0.000000 
-4.300000	-22.868552	0.000000	0.000000	0.000000	0.000000	0.000000	0.000000 
-4.200000	0.319310	0.000000	0.000000	0.000000	0.000000	0.000000	0.000000 
-4.100000	4.721083	0.000000	0.000000	0.000000	0.000000	0.000000	0.000000 
-4.000000	-29.237637	0.000000	0.000000	0.000000	0.000000	0.000000	0.000000 
-3.900000	-6.806835	0.000000	0.000000	0.000000	0.000000	0.000000	0.000000 
-3.800000	13.514192	0.000000	0.000000	0.000000	0.000000	0.000000	0.000000 
-3.700000	7.105268	0.000000	0.000000	0.000000	0.000000	0.000000	0.000000 
-3.600000	2.897075	0.000000	0.000000	0.000000	0.000000	0.000000	0.000000 
-3.500000	-7.752385	0.000000	0.000000	0.000000	0.000000	0.000000	0.000000 
-3.400000	10.247084	0.000000	0.000000	0.000000	0.000000	0.000000	0.000000 
-3.300000	21.511965	0.000000	0.000000	0.000000	0.000000	0.000000	0.000000 
-3.200000	-1.814094	0.000000	0.000000	0.000000	0.000000	0.000000	0.000000 
-3.100000	21.336126	0.000000	0.000000	0.000000	0.000000	0.000000	0.000000 
-3.000000	24.690342	0.000000	0.000000	0.000000	0.000000	0.000000	0.000000 
-2.900000	37.574577	0.000000	0.000000	0.000000	0.000000	0.000000	0.000000 
-2.800000	32.749649	0.000000	0.000000	0.000000	0.000000	0.000000	0.000000 
-2.700000	22.761959	0.000000	0.000000	0.000000	0.000000	0.000000	0.000000 
-2.600000	64.116842	0.000000	0.000000	0.000000	0.000000	0.000000	0.000000 
-2.500000	52.178362	0.000000	0.000000	0.000000	0.000000	0.000000	0.000000 
-2.400000	52.762421	0.000000	0.000000	0.000000	0.000000	0.000000	0.000000 
-2.300000	51.282206	0.000000	0.000000	0.000000	0.000000	0.000000	0.000000 
-2.200000	56.888307	0.000000	0.000000	0.000000	0.000000	0.000000	0.000000 
-2.100000	43.715469	0.000000	0.000000	0.000000	0.000000	0.000000	0.000000 
-2.000000	62.308512	0.000000	0.000000	0.000000	0.000000	0.000000	0.000000 
-1.900000	50.011760	0.000000	0.000000	0.000000	0.000000	0.000000	0.000000 
-1.800000	58.913505	0.000000	0.000000	0.000000	0.000000	0.000000	0.000000 
-1.700000	43.057722	0.000000	0.000000	0.000000	0.000000	0.000000	0.000000 
-1.600000	56.224448	0.000000	0.000000	0.000000	0.000000	0.000000	0.000000 
-1.500000	61.971575	0.000000	0.000000	0.000000	0.000000	0.000000	0.000000 
-1.400000	48.813503	0.000000	0.000000	0.000000	0.000000	0.000000	0.000000 
-1.300000	63.403347	0.000000	0.000000	0.000000	0.000000	0.000000	0.000000 
-1.200000	50.229645	0.000000	0.000000	0.000000	0.000000	0.000000	0.000000 
-1.100000	69.497546	0.000000	0.000000	0.000000	0.000000	0.000000	0.000000 
-1.000000	60.752646	0.000000	0.000000	0.000000	0.000000	0.000000	0.000000 
-0.900000	61.797024	0.000000	0.000000	0.000000	0.000000	0.000000	0.000000 
-0.800000	68.212784	0.000000	0.000000	0.000000	0.000000	0.000000	0.000000 
-0.700000	60.821999	0.000000	0.000000	0.000000	0.000000	0.000000	0.000000 
-0.600000	55.037860	0.000000	0.000000	0.000000	0.000000	0.000000	0.000000 
-0.500000	56.408449	0.000000	0.000000	0.000000	0.000000	0.000000	0.000000 
-0.400000	71.846501	0.000000	0.000000	0.000000	0.000000	0.000000	0.000000 
-0.300000	65.726582	0.000000	0.000000	0.000000	0.000000	0.000000	0.000000 
-0.200000	52.296739	0.000000	0.000000	0.000000	0.000000	0.000000	0.000000 
-0.100000	63.169658	0.000000	0.000000	0.000000	0.000000	0.000000	0.000000 
-0.000000	72.733340	0.000000	0.000000	0.000000	0.000000	0.000000	0.000000 
0.100000	76.295321	0.000000	0.000000	0.000000	0.000000	0.000000	0.000000 
0.200000	54.508817	0.000000	0.000000	0.000000	0.000000	0.000000	0.000000 
0.300000	57.064779	0.000000	0.000000	0.000000	0.000000	0.000000	0.000000 
0.400000	45.394745	0.000000	0.000000	0.000000	0.000000	0.000000	0.000000 
0.500000	50.378152	0.000000	0.000000	0.000000	0.000000	0.000000	0.000000 
0.600000	67.125747	0.000000	0.000000	0.000000	0.000000	0.000000	0.000000 
0.700000	59.730633	0.000000	0.000000	0.000000	0.000000	0.000000	0.000000 
0.800000	51.084492	0.000000	0.000000	0.000000	0.000000	0.000000	0.000000 
0.900000	60.021442	0.000000	0.000000	0.000000	0.000000	0.000000	0.000000 
1.000000	72.455760	0.000000	0.000000	0.000000	0.000000	0.000000	0.000000 
1.100000	70.881828	0.000000	0.000000	0.000000	0.000000	0.000000	0.000000 
1.200000	71.531993	0.000000	0.000000	0.000000	0.000000	0.000000	0.000000 
1.300000	66.450586	0.000000	0.000000	0.000000	0.000000	0.000000	0.000000 
1.400000	63.551572	0.000000	0.000000	0.000000	0.000000	0.000000	0.000000 
1.500000	77.993006	0.000000	0.000000	0.000000	0.000000	0.000000	0.000000 
1.600000	77.269750	0.000000	0.000000	0.000000	0.000000	0.000000	0.000000 
1.700000	66.126331	0.000000	0.000000	0.000000	0.000000	0.000000	0.000000 
1.800000	63.311046	0.000000	0.000000	0.000000	0.000000	0.000000	0.000000 
1.900000	67.222000	0.000000	0.000000	0.000000	0.000000	0.000000	0.000000 
2.000000	74.052395	0.000000	0.000000	0.000000	0.000000	0.000000	0.000000 
2.100000	59.077267	0.000000	0.000000	0.000000	0.000000	0.000000	0.000000 
2.200000	56.823533	0.000000	0.000000	0.000000	0.000000	0.000000	0.000000 
2.300000	73.297948	0.000000	0.000000	0.000000	0.000000	0.000000	0.000000 
2.400000	39.546897	0.000000	0.000000	0.000000	0.000000	0.000000	0.000000 
2.500000	56.475589	0.000000	0.000000	0.000000	0.000000	0.000000	0.000000 
2.600000	51.150407	0.000000	0.000000	0.000000	0.000000	0.000000	0.000000 
2.700000	36.153021	0.000000	0.000000	0.000000	0.000000	0.000000	0.000000 
2.800000	36.949180	0.000000	0.000000	0.000000	0.000000	0.000000	0.000000 
2.900000	45.968198	0.000000	0.000000	0.000000	0.000000	0.000000	0.000000 
3.000000	51.292044	0.000000	0.000000	0.000000	0.000000	0.000000	0.000000 
3.100000	17.046123	0.000000	0.000000	0.000000	0.000000	0.000000	0.000000 
3.200000	42.498224	0.000000	0.000000	0.000000	0.000000	0.000000	0.000000 
3.300000	41.602287	0.000000	0.000000	0.000000	0.000000	0.000000	0.000000 
3.400000	46.271536	0.000000	0.000000	0.000000	0.000000	0.000000	0.000000 
3.500000	36.474325	0.000000	0.000000	0.000000	0.000000	0.000000	0.000000 
3.600000	36.113703	0.000000	0.000000	0.000000	0.000000	0.000000	0.000000 
3.700000	35.014110	0.000000	0.000000	0.000000	0.000000	0.000000	0.000000 
3.800000	18.603971	0.000000	0.000000	0.000000	0.000000	0.000000	0.000000 
3.900000	33.197355	0.000000	0.000000	0.000000	0.000000	0.000000	0.000000 
4.000000	26.722647	0.000000	0.000000	0.000000	0.000000	0.000000	0.000000 
4.100000	18.172230	0.000000	0.000000	0.000000	0.000000	0.000000	0.000000 
4.200000	16.445579	0.000000	0.000000	0.000000	0.000000	0.000000	0.000000 
4.300000	9.629689	0.000000	0.000000	0.000000	0.000000	0.000000	0.000000 
4.400000	3.860878	0.000000	0.000000	0.000000	0.000000	0.000000	0.000000 
4.500000	8.008516	0.000000	0.000000	0.000000	0.000000	0.000000	0.000000 
4.600000	-2.392107	0.000000	0.000000	0.000000	0.000000	0.000000	0.000000 
4.700000	8.881766	0.000000	0.000000	0.000000	0.000000	0.000000	0.000000 
4.800000	-21.545360	0.000000	0.000000	0.000000	0.000000	0.000000	0.000000 
4.900000	10.673683	0.000000	0.000000	0.000000	0.000000	0.000000	0.000000 
5.000000	2.927541	0.000000	0.000000	0.000000	0.000000	0.000000	0.000000 
5.100000	8.909444	0.000000	0.000000	0.000000	0.000000	0.000000	0.000000 
5.200000	11.129341	0.000000	0.000000	0.000000	0.000000	0.000000	0.000000 
5.300000	-6.583353	0.000000	0.000000	0.000000	0.000000	0.000000	0.000000 
5.400000	-5.608936	0.000000	0.000000	0.000000	0.000000	0.000000	0.000000 
5.500000	2.669183	0.000000	0.000000	0.000000	0.000000	0.000000	0.000000 
5.600000	-8.523837	0.000000	0.000000	0.000000	0.000000	0.000000	0.000000 
5.700000	-16.022719	0.000000	0.000000	0.000000	0.000000	0.000000	0.000000 
5.800000	-4.400378	0.000000	0.000000	0.000000	0.000000	0.000000	0.000000 
5.900000	-1.197030	0.000000	0.000000	0.000000	0.000000	0.000000	0.000000 
6.000000	-4.768380	0.000000	0.000000	0.000000	0.000000	0.000000	0.000000 
6.100000	-2.381472	0.000000	0.000000	0.000000	0.000000	0.000000	0.000000 
6.200000	-0.049956	0.000000	0.000000	0.000000	0.000000	0.000000	0.000000 
6.300000	9.390325	0.000000	0.000000	0.000000	0.000000	0.000000	0.000000 
6.400000	-6.527735	0.000000	0.000000	0.000000	0.000000	0.000000	0.000000 
6.500000	5.200306	0.000000	0.000000	0.000000	0.000000	0.000000	0.000000 
6.600000	-0.837837	0.000000	0.000000	0.000000	0.000000	0.000000	0.000000 
6.700000	-10.267152	0.000000	0.000000	0.000000	0.000000	0.000000	0.000000 
6.800000	2.177801	0.000000	0.000000	0.000000	0.000000	0.000000	0.000000 
6.900000	-12.405222	0.000000	0.000000	0.000000	0.000000	0.000000	0.000000 
7.000000	-11.026328	0.000000	0.000000	0.000000	0.000000	0.000000	0.000000 
7.100000	-10.636101	0.000000	0.000000	0.000000	0.000000	0.000000	0.000000 
7.200000	-3.295402	0.000000	0.000000	0.000000	0.000000	0.000000	0.000000 
7.300000	2.704802	0.000000	0.000000	0.000000	0.000000	0.000000	0.000000 
7.400000	12.097239	0.000000	0.000000	0.000000	0.000000	0.000000	0.000000 
7.500000	-6.144792	0.000000	0.000000	0.000000	0.000000	0.000000	0.000000 
7.600000	-3.258806	0.000000	0.000000	0.000000	0.000000	0.000000	0.000000 
7.700000	-14.395420	0.000000	0.000000	0.000000	0.000000	0.000000	0.000000 
7.800000	9.592520	0.000000	0.000000	0.000000	0.000000	0.000000	0.000000 
7.900000	-1.266344	0.000000	0.000000	0.000000	0.000000	0.000000	0.000000 
8.000000	4.653377	0.000000	0.000000	0.000000	0.000000	0.000000	0.000000 
8.100000	23.622620	0.000000	0.000000	0.000000	0.000000	0.000000	0.000000 
8.200000	8.681746	0.000000	0.000000	0.000000	0.000000	0.000000	0.000000 
8.300000	20.609161	0.000000	0.000000	0.000000	0.000000	0.000000	0.000000 
8.400000	7.039153	0.000000	0.000000	0.000000	0.000000	0.000000	0.000000 
8.500000	8.738050	0.000000	0.000000	0.000000	0.000000	0.000000	0.000000 
8.600000	1.673646	0.000000	0.000000	0.000000	0.000000	0.000000	0.000000 
8.700000	-10.191390	0.000000	0.000000	0.000000	0.000000	0.000000	0.000000 
8.800000	-5.071337	0.000000	0.000000	0.000000	0.000000	0.000000	0.000000 
8.900000	-3.962287	0.000000	0.000000	0.000000	0.000000	0.000000	0.000000 
9.000000	-13.615581	0.000000	0.000000	0.000000	0.000000	0.000000	0.000000 
9.100000	21.401297	0.000000	0.000000	0.000000	0.000000	0.000000	0.000000 
9.200000	-4.659280	0.000000	0.000000	0.000000	0.000000	0.000000	0.000000 
9.300000	-12.611706	0.000000	0.000000	0.000000	0.000000	0.000000	0.000000 
9.400000	-13.912965	0.000000	0.000000	0.000000	0.000000	0.000000	0.000000 
9.500000	-6.655735	0.000000	0.000000	0.000000	0.000000	0.000000	0.000000 
9.600000	10.908085	0.000000	0.000000	0.000000	0.000000	0.000000	0.000000 
9.700000	-2.057225	0.000000	0.000000	0.000000	0.000000	0.000000	0.000000 
9.800000	-4.696902	0.000000	0.000000	0.000000	0.000000	0.000000	0.000000 
9.900000	-1.693404	0.000000	0.000000	0.000000	0.000000	0.000000	0.000000 
10.000000	-2.184583	0.000000	0.000000	0.000000	0.000000	0.000000	0.000000 
