-9.900000	-32.240951	0.000000	0.000000	0.000000	0.000000	0.000000	0.000000 
-9.800000	-19.254481	0.000000	0.000000	0.000000	0.000000	0.000000	0.000000 
-9.700000	-17.338101	0.000000	0.000000	0.000000	0.000000	0.000000	0.000000 
-9.600000	-5.373067	0.000000	0.000000	0.000000	0.000000	0.000000	0.000000 
-9.500000	-3.409123	0.000000	0.000000	0.000000	0.000000	0.000000	0.000000 
-9.400000	-10.291260	0.000000	0.000000	0.000000	0.000000	0.000000	0.000000 
-9.300000	-6.980643	0.000000	0.000000	0.000000	0.000000	0.000000	0.000000 
-9.200000	-1.968264	0.000000	0.000000	0.000000	0.000000	0.000000	0.000000 
-9.100000	-10.557206	0.000000	0.000000	0.000000	0.000000	0.000000	0.000000 
-9.000000	-22.389846	0.000000	0.000000	0.000000	0.000000	0.000000	0.000000 
-8.900000	-20.110908	0.000000	0.000000	0.000000	0.000000	0.000000	0.000000 
-8.800000	-16.202737	0.000000	0.000000	0.000000	0.000000	0.000000	0.000000 
-8.700000	-28.347745	0.000000	0.000000	0.000000	0.000000	0.000000	0.000000 
-8.600000	-6.239963	0.000000	0.000000	0.000000	0.000000	0.000000	0.000000 
-8.500000	7.427943	0.000000	0.000000	0.000000	0.000000	0.000000	0.000000 
-8.400000	-1.671487	0.000000	0.000000	0.000000	0.000000	0.000000	0.000000 
-8.300000	-4.155401	0.000000	0.000000	0.000000	0.000000	0.000000	0.000000 
-8.200000	11.532071	0.000000	0.000000	0.000000	0.000000	0.000000	0.000000 
-8.100000	-7.810806	0.000000	0.000000	0.000000	0.000000	0.000000	0.000000 
-8.000000	0.973251	0.000000	0.000000	0.000000	0.000000	0.000000	0.000000 
-7.900000	5.623601	0.000000	0.000000	0.000000	0.000000	0.000000	0.000000 
-7.800000	8.648681	0.000000	0.000000	0.000000	0.000000	0.000000	0.000000 
-7.700000	-0.044264	0.000000	0.000000	0.000000	0.000000	0.000000	0.000000 
-7.600000	-7.849203	0.000000	0.000000	0.000000	0.000000	0.000000	0.000000 
-7.500000	5.392048	0.000000	0.000000	0.000000	0.000000	0.000000	0.000000 
-7.400000	4.192407	0.000000	0.000000	0.000000	0.000000	0.000000	0.000000 
-7.300000	-0.787913	0.000000	0.000000	0.000000	0.000000	0.000000	0.000000 
-7.200000	11.086828	0.000000	0.000000	0.000000	0.000000	0.000000	0.000000 
-7.100000	-4.942589	0.000000	0.000000	0.000000	0.000000	0.000000	0.000000 
-7.000000	-0.157565	0.000000	0.000000	0.000000	0.000000	0.000000	0.000000 
-6.900000	-6.567320	0.000000	0.000000	0.000000	0.000000	0.000000	0.000000 
-6.800000	2.539093	0.000000	0.000000	0.000000	0.000000	0.000000	0.000000 
-6.700000	-0.877484	0.000000	0.000000	0.000000	0.000000	0.000000	0.000000 
-6.600000	0.917226	0.000000	0.000000	0.000000	0.000000	0.000000	0.000000 
-6.500000	2.841020	0.000000	0.000000	0.000000	0.000000	0.000000	0.000000 
-6.400000	-4.057372	0.000000	0.000000	0.000000	0.000000	0.000000	0.000000 
-6.300000	3.283811	0.000000	0.000000	0.000000	0.000000	0.000000	0.000000 
-6.200000	-3.769193	0.000000	0.000000	0.000000	0.000000	0.000000	0.000000 
-6.100000	5.181221	0.000000	0.000000	0.000000	0.000000	0.000000	0.000000 
-6.000000	9.971822	0.000000	0.000000	0.000000	0.000000	0.000000	0.000000 
-5.900000	3.527155	0.000000	0.000000	0.000000	0.000000	0.000000	0.000000 
-5.800000	2.734898	0.000000	0.000000	0.000000	0.000000	0.000000	0.000000 
-5.700000	-2.786604	0.000000	0.000000	0.000000	0.000000	0.000000	0.000000 
-5.600000	-16.172354	0.000000	0.000000	0.000000	0.000000	0.000000	0.000000 
-5.500000	-20.208364	0.000000	0.000000	0.000000	0.000000	0.000000	0.000000 
-5.400000	-1.294577	0.000000	0.000000	0.000000	0.000000	0.000000	0.000000 
-5.300000	5.172073	0.000000	0.000000	0.000000	0.000000	0.000000	0.000000 
-5.200000	5.985685	0.000000	0.000000	0.000000	0.000000	0.000000	0.000000 
-5.100000	-5.299073	0.000000	0.000000	0.000000	0.000000	0.000000	0.000000 
-5.000000	-3.786305	0.000000	0.000000	0.000000	0.000000	0.000000	0.000000 
-4.900000	4.867823	0.000000	0.000000	0.000000	0.000000	0.000000	0.000000 
-4.800000	12.219399	0.000000	0.000000	0.000000	0.000000	0.000000	0.000000 
-4.700000	5.800153	0.000000	0.000000	0.000000	0.000000	0.000000	0.000000 
-4.600000	19.801620	0.000000	0.000000	0.000000	0.000000	0.000000	0.000000 
-4.500000	4.042037	0.000000	0.000000	0.000000	0.000000	0.000000	0.000000 
-4.400000	34.438025	0.000000	0.000000	0.000000	0.000000	0.000000	0.000000 
-4.300000	26.350815	0.000000	0.000000	0.000000	0.000000	0.000000	0.000000 
-4.200000	18.127384	0.000000	0.000000	0.000000	0.000000	0.000000	0.000000 
-4.100000	11.548664	0.000000	0.000000	0.000000	0.000000	0.000000	0.000000 
-4.000000	27.417411	0.000000	0.000000	0.000000	0.000000	0.000000	0.000000 
-3.900000	7.258101	0.000000	0.000000	0.000000	0.000000	0.000000	0.000000 
-3.800000	16.756395	0.000000	0.000000	0.000000	0.000000	0.000000	0.000000 
-3.700000	29.062186	0.000000	0.000000	0.000000	0.000000	0.000000	0.000000 
-3.600000	16.124738	0.000000	0.000000	0.000000	0.000000	0.000000	0.000000 
-3.500000	21.238961	0.000000	0.000000	0.000000	0.000000	0.000000	0.000000 
-3.400000	10.994915	0.000000	0.000000	0.000000	0.000000	0.000000	0.000000 
-3.300000	-5.109084	0.000000	0.000000	0.000000	0.000000	0.000000	0.000000 
-3.200000	2.627761	0.000000	0.000000	0.000000	0.000000	0.000000	0.000000 
-3.100000	25.610557	0.000000	0.000000	0.000000	0.000000	0.000000	0.000000 
-3.000000	23.631665	0.000000	0.000000	0.000000	0.000000	0.000000	0.000000 
-2.900000	14.069846	0.000000	0.000000	0.000000	0.000000	0.000000	0.000000 
-2.800000	22.100266	0.000000	0.000000	0.000000	0.000000	0.000000	0.000000 
-2.700000	17.279154	0.000000	0.000000	0.000000	0.000000	0.000000	0.000000 
-2.600000	20.781203	0.000000	0.000000	0.000000	0.000000	0.000000	0.000000 
-2.500000	20.832892	0.000000	0.000000	0.000000	0.000000	0.000000	0.000000 
-2.400000	40.623361	0.000000	0.000000	0.000000	0.000000	0.000000	0.000000 
-2.300000	47.757340	0.000000	0.000000	0.000000	0.000000	0.000000	0.000000 
-2.200000	53.279444	0.000000	0.000000	0.000000	0.000000	0.000000	0.000000 
-2.100000	47.623871	0.000000	0.000000	0.000000	0.000000	0.000000	0.000000 
-2.000000	40.885870	0.000000	0.000000	0.000000	0.000000	0.000000	0.000000 
-1.900000	40.932777	0.000000	0.000000	0.000000	0.000000	0.000000	0.000000 
-1.800000	52.240318	0.000000	0.000000	0.000000	0.000000	0.000000	0.000000 
-1.700000	67.654521	0.000000	0.000000	0.000000	0.000000	0.000000	0.000000 
-1.600000	72.432601	0.000000	0.000000	0.000000	0.000000	0.000000	0.000000 
-1.500000	60.893959	0.000000	0.000000	0.000000	0.000000	0.000000	0.000000 
-1.400000	65.388467	0.000000	0.000000	0.000000	0.000000	0.000000	0.000000 
-1.300000	61.468788	0.000000	0.000000	0.000000	0.000000	0.000000	0.000000 
-1.200000	58.861050	0.000000	0.000000	0.000000	0.000000	0.000000	0.000000 
-1.100000	66.410645	0.000000	0.000000	0.000000	0.000000	0.000000	0.000000 
-1.000000	69.027706	0.000000	0.000000	0.000000	0.000000	0.000000	0.000000 
-0.900000	58.808526	0.000000	0.000000	0.000000	0.000000	0.000000	0.000000 
-0.800000	48.042012	0.000000	0.000000	0.000000	0.000000	0.000000	0.000000 
-0.700000	48.292486	0.000000	0.000000	0.000000	0.000000	0.000000	0.000000 
-0.600000	47.520121	0.000000	0.000000	0.000000	0.000000	0.000000	0.000000 
-0.500000	62.936347	0.000000	0.000000	0.000000	0.000000	0.000000	0.000000 
-0.400000	46.031655	0.000000	0.000000	0.000000	0.000000	0.000000	0.000000 
-0.300000	52.987941	0.000000	0.000000	0.000000	0.000000	0.000000	0.000000 
-0.200000	48.870714	0.000000	0.000000	0.000000	0.000000	0.000000	0.000000 
-0.100000	47.783591	0.000000	0.000000	0.000000	0.000000	0.000000	0.000000 
-0.000000	66.180901	0.000000	0.000000	0.000000	0.000000	0.000000	0.000000 
0.100000	53.272351	0.000000	0.000000	0.000000	0.000000	0.000000	0.000000 
0.200000	45.193223	0.000000	0.000000	0.000000	0.000000	0.000000	0.000000 
0.300000	51.131424	0.000000	0.000000	0.000000	0.000000	0.000000	0.000000 
0.400000	77.861813	0.000000	0.000000	0.000000	0.000000	0.000000	0.000000 
0.500000	43.308577	0.000000	0.000000	0.000000	0.000000	0.000000	0.000000 
0.600000	58.303919	0.000000	0.000000	0.000000	0.000000	0.000000	0.000000 
0.700000	42.840513	0.000000	0.000000	0.000000	0.000000	0.000000	0.000000 
0.800000	57.694991	0.000000	0.000000	0.000000	0.000000	0.000000	0.000000 
0.900000	53.579226	0.000000	0.000000	0.000000	0.000000	0.000000	0.000000 
1.000000	47.572639	0.000000	0.000000	0.000000	0.000000	0.000000	0.000000 
1.100000	68.798705	0.000000	0.000000	0.000000	0.000000	0.000000	0.000000 
1.200000	58.098781	0.000000	0.000000	0.000000	0.000000	0.000000	0.000000 
1.300000	52.806111	0.000000	0.000000	0.000000	0.000000	0.000000	0.000000 
1.400000	69.443275	0.000000	0.000000	0.000000	0.000000	0.000000	0.000000 
1.500000	61.665617	0.000000	0.000000	0.000000	0.000000	0.000000	0.000000 
1.600000	57.633603	0.000000	0.000000	0.000000	0.000000	0.000000	0.000000 
1.700000	52.194848	0.000000	0.000000	0.000000	0.000000	0.000000	0.000000 
1.800000	65.232208	0.000000	0.000000	0.000000	0.000000	0.000000	0.000000 
1.900000	69.707843	0.000000	0.000000	0.000000	0.000000	0.000000	0.000000 
2.000000	64.957811	0.000000	0.000000	0.000000	0.000000	0.000000	0.000000 
2.100000	56.000703	0.000000	0.000000	0.000000	0.000000	0.000000	0.000000 
2.200000	52.289559	0.000000	0.000000	0.000000	0.000000	0.000000	0.000000 
2.300000	67.315140	0.000000	0.000000	0.000000	0.000000	0.000000	0.000000 
2.400000	73.044353	0.000000	0.000000	0.000000	0.000000	0.000000	0.000000 
2.500000	70.520234	0.000000	0.000000	0.000000	0.000000	0.000000	0.000000 
2.600000	62.910419	0.000000	0.000000	0.000000	0.000000	0.000000	0.000000 
2.700000	66.364844	0.000000	0.000000	0.000000	0.000000	0.000000	0.000000 
2.800000	50.062009	0.000000	0.000000	0.000000	0.000000	0.000000	0.000000 
2.900000	46.029237	0.000000	0.000000	0.000000	0.000000	0.000000	0.000000 
3.000000	59.808435	0.000000	0.000000	0.000000	0.000000	0.000000	0.000000 
3.100000	55.784101	0.000000	0.000000	0.000000	0.000000	0.000000	0.000000 
3.200000	47.463059	0.000000	0.000000	0.000000	0.000000	0.000000	0.000000 
3.300000	35.329487	0.000000	0.000000	0.000000	0.000000	0.000000	0.000000 
3.400000	15.118030	0.000000	0.000000	0.000000	0.000000	0.000000	0.000000 
3.500000	27.332375	0.000000	0.000000	0.000000	0.000000	0.000000	0.000000 
3.600000	11.319120	0.000000	0.000000	0.000000	0.000000	0.000000	0.000000 
3.700000	4.830573	0.000000	0.000000	0.000000	0.000000	0.000000	0.000000 
3.800000	13.016774	0.000000	0.000000	0.000000	0.000000	0.000000	0.000000 
3.900000	11.840949	0.000000	0.000000	0.000000	0.000000	0.000000	0.000000 
4.000000	1.377445	0.000000	0.000000	0.000000	0.000000	0.000000	0.000000 
4.100000	9.557874	0.000000	0.000000	0.000000	0.000000	0.000000	0.000000 
4.200000	-4.332090	0.000000	0.000000	0.000000	0.000000	0.000000	0.000000 
4.300000	16.032542	0.000000	0.000000	0.000000	0.000000	0.000000	0.000000 
4.400000	14.699381	0.000000	0.000000	0.000000	0.000000	0.000000	0.000000 
4.500000	0.497838	0.000000	0.000000	0.000000	0.000000	0.000000	0.000000 
4.600000	2.185861	0.000000	0.000000	0.000000	0.000000	0.000000	0.000000 
4.700000	6.306734	0.000000	0.000000	0.000000	0.000000	0.000000	0.000000 
4.800000	17.433073	0.000000	0.000000	0.000000	0.000000	0.000000	0.000000 
4.900000	7.190460	0.000000	0.000000	0.000000	0.000000	0.000000	0.000000 
5.000000	15.187520	0.000000	0.000000	0.000000	0.000000	0.000000	0.000000 
5.100000	12.304395	0.000000	0.000000	0.000000	0.000000	0.000000	0.000000 
5.200000	14.766654	0.000000	0.000000	0.000000	0.000000	0.000000	0.000000 
5.300000	16.059517	0.000000	0.000000	0.000000	0.000000	0.000000	0.000000 
5.400000	0.046920	0.000000	0.000000	0.000000	0.000000	0.000000	0.000000 
5.500000	-2.650910	0.000000	0.000000	0.000000	0.000000	0.000000	0.000000 
5.600000	5.443509	0.000000	0.000000	0.000000	0.000000	0.000000	0.000000 
5.700000	10.657189	0.000000	0.000000	0.000000	0.000000	0.000000	0.000000 
5.800000	2.861879	0.000000	0.000000	0.000000	0.000000	0.000000	0.000000 
5.900000	-0.554388	0.000000	0.000000	0.000000	0.000000	0.000000	0.000000 
6.000000	-3.284215	0.000000	0.000000	0.000000	0.000000	0.000000	0.000000 
6.100000	-0.821566	0.000000	0.000000	0.000000	0.000000	0.000000	0.000000 
6.200000	-0.829492	0.000000	0.000000	0.000000	0.000000	0.000000	0.000000 
6.300000	13.856624	0.000000	0.000000	0.000000	0.000000	0.000000	0.000000 
6.400000	-4.090870	0.000000	0.000000	0.000000	0.000000	0.000000	0.000000 
6.500000	-5.567487	0.000000	0.000000	0.000000	0.000000	0.000000	0.000000 
6.600000	5.136269	0.000000	0.000000	0.000000	0.000000	0.000000	0.000000 
6.700000	-4.026974	0.000000	0.000000	0.000000	0.000000	0.000000	0.000000 
6.800000	-8.994404	0.000000	0.000000	0.000000	0.000000	0.000000	0.000000 
6.900000	12.042933	0.000000	0.000000	0.000000	0.000000	0.000000	0.000000 
7.000000	-3.330611	0.000000	0.000000	0.000000	0.000000	0.000000	0.000000 
7.100000	7.137753	0.000000	0.000000	0.000000	0.000000	0.000000	0.000000 
7.200000	-4.883325	0.000000	0.000000	0.000000	0.000000	0.000000	0.000000 
7.300000	5.957708	0.000000	0.000000	0.000000	0.000000	0.000000	0.000000 
7.400000	1.745052	0.000000	0.000000	0.000000	0.000000	0.000000	0.000000 
7.500000	-4.076577	0.000000	0.000000	0.000000	0.000000	0.000000	0.000000 
7.600000	4.618717	0.000000	0.000000	0.000000	0.000000	0.000000	0.000000 
7.700000	3.538938	0.000000	0.000000	0.000000	0.000000	0.000000	0.000000 
7.800000	6.874804	0.000000	0.000000	0.000000	0.000000	0.000000	0.000000 
7.900000	11.025047	0.000000	0.000000	0.000000	0.000000	0.000000	0.000000 
8.000000	1.480615	0.000000	0.000000	0.000000	0.000000	0.000000	0.000000 
8.100000	21.271275	0.000000	0.000000	0.000000	0.000000	0.000000	0.000000 
8.200000	5.799461	0.000000	0.000000	0.000000	0.000000	0.000000	0.000000 
8.300000	-8.900102	0.000000	0.000000	0.000000	0.000000	0.000000	0.000000 
8.400000	-9.586425	0.000000	0.000000	0.000000	0.000000	0.000000	0.000000 
8.500000	-7.497527	0.000000	0.000000	0.000000	0.000000	0.000000	0.000000 
8.600000	-0.103134	0.000000	0.000000	0.000000	0.000000	0.000000	0.000000 
8.700000	10.515658	0.000000	0.000000	0.000000	0.000000	0.000000	0.000000 
8.800000	6.615540	0.000000	0.000000	0.000000	0.000000	0.000000	0.000000 
8.900000	8.323674	0.000000	0.000000	0.000000	0.000000	0.000000	0.000000 
9.000000	3.521358	0.000000	0.000000	0.000000	0.000000	0.000000	0.000000 
9.100000	6.195615	0.000000	0.000000	0.000000	0.000000	0.000000	0.000000 
9.200000	6.064326	0.000000	0.000000	0.000000	0.000000	0.000000	0.000000 
9.300000	-3.042384	0.000000	0.000000	0.000000	0.000000	0.000000	0.000000 
9.400000	8.073986	0.000000	0.000000	0.000000	0.000000	0.000000	0.000000 
9.500000	15.825059	0.000000	0.000000	0.000000	0.000000	0.000000	0.000000 
9.600000	5.183994	0.000000	0.000000	0.000000	0.000000	0.000000	0.000000 
9.700000	5.265120	0.000000	0.000000	0.000000	0.000000	0.000000	0.000000 
9.800000	-2.754136	0.000000	0.000000	0.000000	0.000000	0.000000	0.000000 
9.900000	-0.703723	0.000000	0.000000	0.000000	0.000000	0.000000	0.000000 
10.000000	12.364547	0.000000	0.000000	0.000000	0.000000	0.000000	0.000000 
