-9.900000	0.417105	0.000000	0.000000	0.000000	0.000000	0.000000	0.000000 
-9.800000	14.267022	0.000000	0.000000	0.000000	0.000000	0.000000	0.000000 
-9.700000	-3.351403	0.000000	0.000000	0.000000	0.000000	0.000000	0.000000 
-9.600000	-3.719699	0.000000	0.000000	0.000000	0.000000	0.000000	0.000000 
-9.500000	16.082991	0.000000	0.000000	0.000000	0.000000	0.000000	0.000000 
-9.400000	6.757286	0.000000	0.000000	0.000000	0.000000	0.000000	0.000000 
-9.300000	3.576519	0.000000	0.000000	0.000000	0.000000	0.000000	0.000000 
-9.200000	-3.430248	0.000000	0.000000	0.000000	0.000000	0.000000	0.000000 
-9.100000	-5.820785	0.000000	0.000000	0.000000	0.000000	0.000000	0.000000 
-9.000000	-5.296839	0.000000	0.000000	0.000000	0.000000	0.000000	0.000000 
-8.900000	8.306765	0.000000	0.000000	0.000000	0.000000	0.000000	0.000000 
-8.800000	2.793519	0.000000	0.000000	0.000000	0.000000	0.000000	0.000000 
-8.700000	-8.693312	0.000000	0.000000	0.000000	0.000000	0.000000	0.000000 
-8.600000	17.534454	0.000000	0.000000	0.000000	0.000000	0.000000	0.000000 
-8.500000	-3.901716	0.000000	0.000000	0.000000	0.000000	0.000000	0.000000 
-8.400000	10.901617	0.000000	0.000000	0.000000	0.000000	0.000000	0.000000 
-8.300000	-17.943842	0.000000	0.000000	0.000000	0.000000	0.000000	0.000000 
-8.200000	0.400172	0.000000	0.000000	0.000000	0.000000	0.000000	0.000000 
-8.100000	-9.233238	0.000000	0.000000	0.000000	0.000000	0.000000	0.000000 
-8.000000	-7.720883	0.000000	0.000000	0.000000	0.000000	0.000000	0.000000 
-7.900000	-13.698701	0.000000	0.000000	0.000000	0.000000	0.000000	0.000000 
-7.800000	-1.028273	0.000000	0.000000	0.000000	0.000000	0.000000	0.000000 
-7.700000	2.365953	0.000000	0.000000	0.000000	0.000000	0.000000	0.000000 
-7.600000	-0.139853	0.000000	0.000000	0.000000	0.000000	0.000000	0.000000 
-7.500000	4.124040	0.000000	0.000000	0.000000	0.000000	0.000000	0.000000 
-7.400000	4.894183	0.000000	0.000000	0.000000	0.000000	0.000000	0.000000 
-7.300000	-4.675310	0.000000	0.000000	0.000000	0.000000	0.000000	0.000000 
-7.200000	-4.880507	0.000000	0.000000	0.000000	0.000000	0.000000	0.000000 
-7.100000	2.312246	0.000000	0.000000	0.000000	0.000000	0.000000	0.000000 
-7.000000	12.133629	0.000000	0.000000	0.000000	0.000000	0.000000	0.000000 
-6.900000	-7.664868	0.000000	0.000000	0.000000	0.000000	0.000000	0.000000 
-6.800000	5.292063	0.000000	0.000000	0.000000	0.000000	0.000000	0.000000 
-6.700000	-16.669130	0.000000	0.000000	0.000000	0.000000	0.000000	0.000000 
-6.600000	10.861034	0.000000	0.000000	0.000000	0.000000	0.000000	0.000000 
-6.500000	13.521377	0.000000	0.000000	0.000000	0.000000	0.000000	0.000000 
-6.400000	-2.175130	0.000000	0.000000	0.000000	0.000000	0.000000	0.000000 
-6.300000	6.197310	0.000000	0.000000	0.000000	0.000000	0.000000	0.000000 
-6.200000	1.684876	0.000000	0.000000	0.000000	0.000000	0.000000	0.000000 
-6.100000	3.786675	0.000000	0.000000	0.000000	0.000000	0.000000	0.000000 
-6.000000	-7.166277	0.000000	0.000000	0.000000	0.000000	0.000000	0.000000 
-5.900000	14.157147	0.000000	0.000000	0.000000	0.000000	0.000000	0.000000 
-5.800000	-12.184527	0.000000	0.000000	0.000000	0.000000	0.000000	0.000000 
-5.700000	-5.226262	0.000000	0.000000	0.000000	0.000000	0.000000	0.000000 
-5.600000	3.491817	0.000000	0.000000	0.000000	0.000000	0.000000	0.000000 
-5.500000	14.630784	0.000000	0.000000	0.000000	0.000000	0.000000	0.000000 
-5.400000	-9.153851	0.000000	0.000000	0.000000	0.000000	0.000000	0.000000 
-5.300000	-5.006066	0.000000	0.000000	0.000000	0.000000	0.000000	0.000000 
-5.200000	17.569190	0.000000	0.000000	0.000000	0.000000	0.000000	0.000000 
-5.100000	9.068458	0.000000	0.000000	0.000000	0.000000	0.000000	0.000000 
-5.000000	5.210417	0.000000	0.000000	0.000000	0.000000	0.000000	0.000000 
-4.900000	13.965824	0.000000	0.000000	0.000000	0.000000	0.000000	0.000000 
-4.800000	7.855459	0.000000	0.000000	0.000000	0.000000	0.000000	0.000000 
-4.700000	8.380918	0.000000	0.000000	0.000000	0.000000	0.000000	0.000000 
-4.600000	6.883587	0.000000	0.000000	0.000000	0.000000	0.000000	0.000000 
-4.500000	7.862843	0.000000	0.000000	0.000000	0.000000	0.000000	0.000000 
-4.400000	10.762100	0.000000	0.000000	0.000000	0.000000	0.000000	0.000000 
-4.300000	21.980027	0.000000	0.000000	0.000000	0.000000	0.000000	0.000000 
-4.200000	13.404382	0.000000	0.000000	0.000000	0.000000	0.000000	0.000000 
-4.100000	-7.230626	0.000000	0.000000	0.000000	0.000000	0.000000	0.000000 
-4.000000	-1.008762	0.000000	0.000000	0.000000	0.000000	0.000000	0.000000 
-3.900000	6.049855	0.000000	0.000000	0.000000	0.000000	0.000000	0.000000 
-3.800000	8.506170	0.000000	0.000000	0.000000	0.000000	0.000000	0.000000 
-3.700000	-2.938451	0.000000	0.000000	0.000000	0.000000	0.000000	0.000000 
-3.600000	14.287313	0.000000	0.000000	0.000000	0.000000	0.000000	0.000000 
-3.500000	15.903488	0.000000	0.000000	0.000000	0.000000	0.000000	0.000000 
-3.400000	8.580879	0.000000	0.000000	0.000000	0.000000	0.000000	0.000000 
-3.300000	5.634653	0.000000	0.000000	0.000000	0.000000	0.000000	0.000000 
-3.200000	15.352679	0.000000	0.000000	0.000000	0.000000	0.000000	0.000000 
-3.100000	25.636819	0.000000	0.000000	0.000000	0.000000	0.000000	0.000000 
-3.000000	27.884225	0.000000	0.000000	0.000000	0.000000	0.000000	0.000000 
-2.900000	19.261865	0.000000	0.000000	0.000000	0.000000	0.000000	0.000000 
-2.800000	24.725150	0.000000	0.000000	0.000000	0.000000	0.000000	0.000000 
-2.700000	37.443421	0.000000	0.000000	0.000000	0.000000	0.000000	0.000000 
-2.600000	42.097907	0.000000	0.000000	0.000000	0.000000	0.000000	0.000000 
-2.500000	26.188067	0.000000	0.000000	0.000000	0.000000	0.000000	0.000000 
-2.400000	28.729727	0.000000	0.000000	0.000000	0.000000	0.000000	0.000000 
-2.300000	56.210372	0.000000	0.000000	0.000000	0.000000	0.000000	0.000000 
-2.200000	49.919025	0.000000	0.000000	0.000000	0.000000	0.000000	0.000000 
-2.100000	37.538209	0.000000	0.000000	0.000000	0.000000	0.000000	0.000000 
-2.000000	38.045603	0.000000	0.000000	0.000000	0.000000	0.000000	0.000000 
-1.900000	62.375334	0.000000	0.000000	0.000000	0.000000	0.000000	0.000000 
-1.800000	28.780290	0.000000	0.000000	0.000000	0.000000	0.000000	0.000000 
-1.700000	41.921507	0.000000	0.000000	0.000000	0.000000	0.000000	0.000000 
-1.600000	59.825001	0.000000	0.000000	0.000000	0.000000	0.000000	0.000000 
-1.500000	57.308560	0.000000	0.000000	0.000000	0.000000	0.000000	0.000000 
-1.400000	53.776101	0.000000	0.000000	0.000000	0.000000	0.000000	0.000000 
-1.300000	72.156791	0.000000	0.000000	0.000000	0.000000	0.000000	0.000000 
-1.200000	82.935680	0.000000	0.000000	0.000000	0.000000	0.000000	0.000000 
-1.100000	78.471761	0.000000	0.000000	0.000000	0.000000	0.000000	0.000000 
-1.000000	65.794219	0.000000	0.000000	0.000000	0.000000	0.000000	0.000000 
-0.900000	55.340942	0.000000	0.000000	0.000000	0.000000	0.000000	0.000000 
-0.800000	70.295706	0.000000	0.000000	0.000000	0.000000	0.000000	0.000000 
-0.700000	66.174223	0.000000	0.000000	0.000000	0.000000	0.000000	0.000000 
-0.600000	56.826240	0.000000	0.000000	0.000000	0.000000	0.000000	0.000000 
-0.500000	70.603903	0.000000	0.000000	0.000000	0.000000	0.000000	0.000000 
-0.400000	49.681973	0.000000	0.000000	0.000000	0.000000	0.000000	0.000000 
-0.300000	59.394760	0.000000	0.000000	0.000000	0.000000	0.000000	0.000000 
-0.200000	58.648128	0.000000	0.000000	0.000000	0.000000	0.000000	0.000000 
-0.100000	61.106086	0.000000	0.000000	0.000000	0.000000	0.000000	0.000000 
-0.000000	76.317921	0.000000	0.000000	0.000000	0.000000	0.000000	0.000000 
0.100000	64.643742	0.000000	0.000000	0.000000	0.000000	0.000000	0.000000 
0.200000	62.337297	0.000000	0.000000	0.000000	0.000000	0.000000	0.000000 
0.300000	65.248974	0.000000	0.000000	0.000000	0.000000	0.000000	0.000000 
0.400000	59.589372	0.000000	0.000000	0.000000	0.000000	0.000000	0.000000 
0.500000	54.530177	0.000000	0.000000	0.000000	0.000000	0.000000	0.000000 
0.600000	57.936514	0.000000	0.000000	0.000000	0.000000	0.000000	0.000000 
0.700000	61.264473	0.000000	0.000000	0.000000	0.000000	0.000000	0.000000 
0.800000	58.414649	0.000000	0.000000	0.000000	0.000000	0.000000	0.000000 
0.900000	66.018003	0.000000	0.000000	0.000000	0.000000	0.000000	0.000000 
1.000000	65.849861	0.000000	0.000000	0.000000	0.000000	0.000000	0.000000 
1.100000	45.965085	0.000000	0.000000	0.000000	0.000000	0.000000	0.000000 
1.200000	64.519617	0.000000	0.000000	0.000000	0.000000	0.000000	0.000000 
1.300000	61.757786	0.000000	0.000000	0.000000	0.000000	0.000000	0.000000 
1.400000	57.719481	0.000000	0.000000	0.000000	0.000000	0.000000	0.000000 
1.500000	65.845497	0.000000	0.000000	0.000000	0.000000	0.000000	0.000000 
1.600000	64.794652	0.000000	0.000000	0.000000	0.000000	0.000000	0.000000 
1.700000	58.326296	0.000000	0.000000	0.000000	0.000000	0.000000	0.000000 
1.800000	61.270558	0.000000	0.000000	0.000000	0.000000	0.000000	0.000000 
1.900000	53.990938	0.000000	0.000000	0.000000	0.000000	0.000000	0.000000 
2.000000	69.409584	0.000000	0.000000	0.000000	0.000000	0.000000	0.000000 
2.100000	57.531245	0.000000	0.000000	0.000000	0.000000	0.000000	0.000000 
2.200000	70.456326	0.000000	0.000000	0.000000	0.000000	0.000000	0.000000 
2.300000	61.733518	0.000000	0.000000	0.000000	0.000000	0.000000	0.000000 
2.400000	57.503823	0.000000	0.000000	0.000000	0.000000	0.000000	0.000000 
2.500000	59.572720	0.000000	0.000000	0.000000	0.000000	0.000000	0.000000 
2.600000	42.871413	0.000000	0.000000	0.000000	0.000000	0.000000	0.000000 
2.700000	40.416121	0.000000	0.000000	0.000000	0.000000	0.000000	0.000000 
2.800000	38.956114	0.000000	0.000000	0.000000	0.000000	0.000000	0.000000 
2.900000	19.963738	0.000000	0.000000	0.000000	0.000000	0.000000	0.000000 
3.000000	37.626350	0.000000	0.000000	0.000000	0.000000	0.000000	0.000000 
3.100000	7.287778	0.000000	0.000000	0.000000	0.000000	0.000000	0.000000 
3.200000	21.326042	0.000000	0.000000	0.000000	0.000000	0.000000	0.000000 
3.300000	26.514074	0.000000	0.000000	0.000000	0.000000	0.000000	0.000000 
3.400000	17.240739	0.000000	0.000000	0.000000	0.000000	0.000000	0.000000 
3.500000	17.254160	0.000000	0.000000	0.000000	0.000000	0.000000	0.000000 
3.600000	12.169778	0.000000	0.000000	0.000000	0.000000	0.000000	0.000000 
3.700000	9.116642	0.000000	0.000000	0.000000	0.000000	0.000000	0.000000 
3.800000	-0.495916	0.000000	0.000000	0.000000	0.000000	0.000000	0.000000 
3.900000	24.795158	0.000000	0.000000	0.000000	0.000000	0.000000	0.000000 
4.000000	24.327924	0.000000	0.000000	0.000000	0.000000	0.000000	0.000000 
4.100000	18.573847	0.000000	0.000000	0.000000	0.000000	0.000000	0.000000 
4.200000	14.319492	0.000000	0.000000	0.000000	0.000000	0.000000	0.000000 
4.300000	13.445312	0.000000	0.000000	0.000000	0.000000	0.000000	0.000000 
4.400000	14.545398	0.000000	0.000000	0.000000	0.000000	0.000000	0.000000 
4.500000	9.767227	0.000000	0.000000	0.000000	0.000000	0.000000	0.000000 
4.600000	13.163989	0.000000	0.000000	0.000000	0.000000	0.000000	0.000000 
4.700000	21.580875	0.000000	0.000000	0.000000	0.000000	0.000000	0.000000 
4.800000	12.932269	0.000000	0.000000	0.000000	0.000000	0.000000	0.000000 
4.900000	13.959370	0.000000	0.000000	0.000000	0.000000	0.000000	0.000000 
5.000000	17.188499	0.000000	0.000000	0.000000	0.000000	0.000000	0.000000 
5.100000	-7.047451	0.000000	0.000000	0.000000	0.000000	0.000000	0.000000 
5.200000	6.631570	0.000000	0.000000	0.000000	0.000000	0.000000	0.000000 
5.300000	2.273314	0.000000	0.000000	0.000000	0.000000	0.000000	0.000000 
5.400000	-1.642764	0.000000	0.000000	0.000000	0.000000	0.000000	0.000000 
5.500000	-15.369634	0.000000	0.000000	0.000000	0.000000	0.000000	0.000000 
5.600000	-8.097558	0.000000	0.000000	0.000000	0.000000	0.000000	0.000000 
5.700000	9.060992	0.000000	0.000000	0.000000	0.000000	0.000000	0.000000 
5.800000	7.493193	0.000000	0.000000	0.000000	0.000000	0.000000	0.000000 
5.900000	-4.470197	0.000000	0.000000	0.000000	0.000000	0.000000	0.000000 
6.000000	0.672395	0.000000	0.000000	0.000000	0.000000	0.000000	0.000000 
6.100000	20.612641	0.000000	0.000000	0.000000	0.000000	0.000000	0.000000 
6.200000	21.823545	0.000000	0.000000	0.000000	0.000000	0.000000	0.000000 
6.300000	44.155266	0.000000	0.000000	0.000000	0.000000	0.000000	0.000000 
6.400000	19.031686	0.000000	0.000000	0.000000	0.000000	0.000000	0.000000 
6.500000	25.330061	0.000000	0.000000	0.000000	0.000000	0.000000	0.000000 
6.600000	4.348342	0.000000	0.000000	0.000000	0.000000	0.000000	0.000000 
6.700000	0.837821	0.000000	0.000000	0.000000	0.000000	0.000000	0.000000 
6.800000	-2.853610	0.000000	0.000000	0.000000	0.000000	0.000000	0.000000 
6.900000	-13.802617	0.000000	0.000000	0.000000	0.000000	0.000000	0.000000 
7.000000	-7.851273	0.000000	0.000000	0.000000	0.000000	0.000000	0.000000 
7.100000	1.929208	0.000000	0.000000	0.000000	0.000000	0.000000	0.000000 
7.200000	-9.933777	0.000000	0.000000	0.000000	0.000000	0.000000	0.000000 
7.300000	-14.571422	0.000000	0.000000	0.000000	0.000000	0.000000	0.000000 
7.400000	-11.260335	0.000000	0.000000	0.000000	0.000000	0.000000	0.000000 
7.500000	-18.732141	0.000000	0.000000	0.000000	0.000000	0.000000	0.000000 
7.600000	-11.464845	0.000000	0.000000	0.000000	0.000000	0.000000	0.000000 
7.700000	8.895013	0.000000	0.000000	0.000000	0.000000	0.000000	0.000000 
7.800000	-15.349832	0.000000	0.000000	0.000000	0.000000	0.000000	0.000000 
7.900000	-25.117336	0.000000	0.000000	0.000000	0.000000	0.000000	0.000000 
8.000000	1.788463	0.000000	0.000000	0.000000	0.000000	0.000000	0.000000 
8.100000	-13.324025	0.000000	0.000000	0.000000	0.000000	0.000000	0.000000 
8.200000	-9.529676	0.000000	0.000000	0.000000	0.000000	0.000000	0.000000 
8.300000	-14.206818	0.000000	0.000000	0.000000	0.000000	0.000000	0.000000 
8.400000	-1.549218	0.000000	0.000000	0.000000	0.000000	0.000000	0.000000 
8.500000	-22.477188	0.000000	0.000000	0.000000	0.000000	0.000000	0.000000 
8.600000	-6.215878	0.000000	0.000000	0.000000	0.000000	0.000000	0.000000 
8.700000	-15.563191	0.000000	0.000000	0.000000	0.000000	0.000000	0.000000 
8.800000	-15.646052	0.000000	0.000000	0.000000	0.000000	0.000000	0.000000 
8.900000	-1.502326	0.000000	0.000000	0.000000	0.000000	0.000000	0.000000 
9.000000	-21.425688	0.000000	0.000000	0.000000	0.000000	0.000000	0.000000 
9.100000	3.708185	0.000000	0.000000	0.000000	0.000000	0.000000	0.000000 
9.200000	-2.901839	0.000000	0.000000	0.000000	0.000000	0.000000	0.000000 
9.300000	-4.549938	0.000000	0.000000	0.000000	0.000000	0.000000	0.000000 
9.400000	-15.476998	0.000000	0.000000	0.000000	0.000000	0.000000	0.000000 
9.500000	0.457446	0.000000	0.000000	0.000000	0.000000	0.000000	0.000000 
9.600000	0.937239	0.000000	0.000000	0.000000	0.000000	0.000000	0.000000 
9.700000	-5.775907	0.000000	0.000000	0.000000	0.000000	0.000000	0.000000 
9.800000	-31.258497	0.000000	0.000000	0.000000	0.000000	0.000000	0.000000 
9.900000	-7.361309	0.000000	0.000000	0.000000	0.000000	0.000000	0.000000 
10.000000	-3.255538	0.000000	0.000000	0.000000	0.000000	0.000000	0.000000 
