#!/bin/bash

#./main 100 10 50 0.5 10 0
#./main 100 20 55 0.5 20 0
#./main 100 25 65 0.5 30 0
#./main 100 30 70 0.5 40 0
#./main 100 40 85 0.5 50 0
#./main 100 50 100 0.5 60 0
#./main 100 55 100 0.5 70 0
#./main 100 55 100 0.5 80 0
#./main 100 55 100 0.5 90 0
#./main 100 55 100 0.5 100 0
#./main 100 65 100 0.5 200 0
#./main 100 65 100 0.5 300 0



./main 100 10 50 0.5 10 0
./main 100 20 55 0.5 20 0
./main 100 25 65 0.5 30 0
./main 100 30 70 0.5 40 0
./main 100 40 85 0.5 50 0
./main 100 50 100 0.5 60 0
./main 100 45 85 0.5 70 0
./main 100 50 90 0.5 80 0
./main 100 60 100 0.5 90 0
./main 100 65 105 0.5 100 0
./main 100 140 200 0.5 200 0
./main 100 230 290 0.5 300 0
./main 100 330 380 0.5 400 0
./main 100 395 455 0.5 500 0
./main 100 505 555 0.5 600 0
./main 100 580 640 0.5 700 0
./main 100 680 750 0.5 800 0
./main 100 770 840 0.5 900 0
./main 100 850 910 0.5 1000 0




echo "Fin (Aplausos)"