-9.900000 0.001012
-9.800000 0.001265
-9.700000 0.001578
-9.600000 0.001963
-9.500000 0.002437
-9.400000 0.003018
-9.300000 0.003729
-9.200000 0.004597
-9.100000 0.005655
-9.000000 0.006940
-8.900000 0.008499
-8.800000 0.010384
-8.700000 0.012658
-8.600000 0.015395
-8.500000 0.018682
-8.400000 0.022620
-8.300000 0.027325
-8.200000 0.032935
-8.100000 0.039607
-8.000000 0.047522
-7.900000 0.056891
-7.800000 0.067952
-7.700000 0.080981
-7.600000 0.096289
-7.500000 0.114233
-7.400000 0.135214
-7.300000 0.159687
-7.200000 0.188163
-7.100000 0.221215
-7.000000 0.259485
-6.900000 0.303688
-6.800000 0.354618
-6.700000 0.413152
-6.600000 0.480260
-6.500000 0.557006
-6.400000 0.644556
-6.300000 0.744181
-6.200000 0.857261
-6.100000 0.985292
-6.000000 1.129883
-5.900000 1.292765
-5.800000 1.475782
-5.700000 1.680901
-5.600000 1.910202
-5.500000 2.165874
-5.400000 2.450215
-5.300000 2.765619
-5.200000 3.114566
-5.100000 3.499610
-5.000000 3.923367
-4.900000 4.388491
-4.800000 4.897659
-4.700000 5.453545
-4.600000 6.058796
-4.500000 6.716001
-4.400000 7.427664
-4.300000 8.196167
-4.200000 9.023736
-4.100000 9.912405
-4.000000 10.863974
-3.900000 11.879973
-3.800000 12.961618
-3.700000 14.109773
-3.600000 15.324909
-3.500000 16.607062
-3.400000 17.955800
-3.300000 19.370184
-3.200000 20.848739
-3.100000 22.389421
-3.000000 23.989600
-2.900000 25.646032
-2.800000 27.354854
-2.700000 29.111572
-2.600000 30.911065
-2.500000 32.747589
-2.400000 34.614792
-2.300000 36.505741
-2.200000 38.412950
-2.100000 40.328419
-2.000000 42.243683
-1.900000 44.149867
-1.800000 46.037748
-1.700000 47.897824
-1.600000 49.720392
-1.500000 51.495626
-1.400000 53.213668
-1.300000 54.864710
-1.200000 56.439093
-1.100000 57.927396
-1.000000 59.320532
-0.900000 60.609836
-0.800000 61.787159
-0.700000 62.844951
-0.600000 63.776341
-0.500000 64.575214
-0.400000 65.236274
-0.300000 65.755108
-0.200000 66.128227
-0.100000 66.353115
-0.000000 66.428247
0.100000 66.353115
0.200000 66.128227
0.300000 65.755108
0.400000 65.236274
0.500000 64.575214
0.600000 63.776341
0.700000 62.844951
0.800000 61.787159
0.900000 60.609836
1.000000 59.320532
1.100000 57.927396
1.200000 56.439093
1.300000 54.864710
1.400000 53.213668
1.500000 51.495626
1.600000 49.720392
1.700000 47.897824
1.800000 46.037748
1.900000 44.149867
2.000000 42.243683
2.100000 40.328419
2.200000 38.412950
2.300000 36.505741
2.400000 34.614792
2.500000 32.747589
2.600000 30.911065
2.700000 29.111572
2.800000 27.354854
2.900000 25.646032
3.000000 23.989600
3.100000 22.389421
3.200000 20.848739
3.300000 19.370184
3.400000 17.955800
3.500000 16.607062
3.600000 15.324909
3.700000 14.109773
3.800000 12.961618
3.900000 11.879973
4.000000 10.863974
4.100000 9.912405
4.200000 9.023736
4.300000 8.196167
4.400000 7.427664
4.500000 6.716001
4.600000 6.058796
4.700000 5.453545
4.800000 4.897659
4.900000 4.388491
5.000000 3.923367
5.100000 3.499610
5.200000 3.114566
5.300000 2.765619
5.400000 2.450215
5.500000 2.165874
5.600000 1.910202
5.700000 1.680901
5.800000 1.475782
5.900000 1.292765
6.000000 1.129883
6.100000 0.985292
6.200000 0.857261
6.300000 0.744181
6.400000 0.644556
6.500000 0.557006
6.600000 0.480260
6.700000 0.413152
6.800000 0.354618
6.900000 0.303688
7.000000 0.259485
7.100000 0.221215
7.200000 0.188163
7.300000 0.159687
7.400000 0.135214
7.500000 0.114233
7.600000 0.096289
7.700000 0.080981
7.800000 0.067952
7.900000 0.056891
8.000000 0.047522
8.100000 0.039607
8.200000 0.032935
8.300000 0.027325
8.400000 0.022620
8.500000 0.018682
8.600000 0.015395
8.700000 0.012658
8.800000 0.010384
8.900000 0.008499
9.000000 0.006940
9.100000 0.005655
9.200000 0.004597
9.300000 0.003729
9.400000 0.003018
9.500000 0.002437
9.600000 0.001963
9.700000 0.001578
9.800000 0.001265
9.900000 0.001012
10.000000 0.000808
