-9.900000 0.003182
-9.800000 0.003977
-9.700000 0.004959
-9.600000 0.006169
-9.500000 0.007658
-9.400000 0.009484
-9.300000 0.011719
-9.200000 0.014448
-9.100000 0.017773
-9.000000 0.021813
-8.900000 0.026711
-8.800000 0.032634
-8.700000 0.039782
-8.600000 0.048385
-8.500000 0.058715
-8.400000 0.071091
-8.300000 0.085879
-8.200000 0.103510
-8.100000 0.124478
-8.000000 0.149355
-7.900000 0.178799
-7.800000 0.213564
-7.700000 0.254511
-7.600000 0.302624
-7.500000 0.359018
-7.400000 0.424958
-7.300000 0.501873
-7.200000 0.591368
-7.100000 0.695247
-7.000000 0.815525
-6.900000 0.954449
-6.800000 1.114513
-6.700000 1.298478
-6.600000 1.509389
-6.500000 1.750591
-6.400000 2.025748
-6.300000 2.338854
-6.200000 2.694249
-6.100000 3.096631
-6.000000 3.551062
-5.900000 4.062975
-5.800000 4.638173
-5.700000 5.282833
-5.600000 6.003491
-5.500000 6.807033
-5.400000 7.700677
-5.300000 8.691946
-5.200000 9.788635
-5.100000 10.998776
-5.000000 12.330582
-4.900000 13.792400
-4.800000 15.392642
-4.700000 17.139713
-4.600000 19.041929
-4.500000 21.107432
-4.400000 23.344088
-4.300000 25.759383
-4.200000 28.360315
-4.100000 31.153273
-4.000000 34.143919
-3.900000 37.337057
-3.800000 40.736514
-3.700000 44.345002
-3.600000 48.163999
-3.500000 52.193623
-3.400000 56.432513
-3.300000 60.877721
-3.200000 65.524607
-3.100000 70.366753
-3.000000 75.395885
-2.900000 80.601814
-2.800000 85.972398
-2.700000 91.493513
-2.600000 97.149062
-2.500000 102.920993
-2.400000 108.789346
-2.300000 114.732330
-2.200000 120.726414
-2.100000 126.746459
-2.000000 132.765861
-1.900000 138.756725
-1.800000 144.690064
-1.700000 150.536018
-1.600000 156.264088
-1.500000 161.843397
-1.400000 167.242956
-1.300000 172.431945
-1.200000 177.380007
-1.100000 182.057532
-1.000000 186.435958
-0.900000 190.488057
-0.800000 194.188215
-0.700000 197.512703
-0.600000 200.439929
-0.500000 202.950672
-0.400000 205.028291
-0.300000 206.658910
-0.200000 207.831572
-0.100000 208.538361
-0.000000 208.774491
0.100000 208.538361
0.200000 207.831572
0.300000 206.658910
0.400000 205.028291
0.500000 202.950672
0.600000 200.439929
0.700000 197.512703
0.800000 194.188215
0.900000 190.488057
1.000000 186.435958
1.100000 182.057532
1.200000 177.380007
1.300000 172.431945
1.400000 167.242956
1.500000 161.843397
1.600000 156.264088
1.700000 150.536018
1.800000 144.690064
1.900000 138.756725
2.000000 132.765861
2.100000 126.746459
2.200000 120.726414
2.300000 114.732330
2.400000 108.789346
2.500000 102.920993
2.600000 97.149062
2.700000 91.493513
2.800000 85.972398
2.900000 80.601814
3.000000 75.395885
3.100000 70.366753
3.200000 65.524607
3.300000 60.877721
3.400000 56.432513
3.500000 52.193623
3.600000 48.163999
3.700000 44.345002
3.800000 40.736514
3.900000 37.337057
4.000000 34.143919
4.100000 31.153273
4.200000 28.360315
4.300000 25.759383
4.400000 23.344088
4.500000 21.107432
4.600000 19.041929
4.700000 17.139713
4.800000 15.392642
4.900000 13.792400
5.000000 12.330582
5.100000 10.998776
5.200000 9.788635
5.300000 8.691946
5.400000 7.700677
5.500000 6.807033
5.600000 6.003491
5.700000 5.282833
5.800000 4.638173
5.900000 4.062975
6.000000 3.551062
6.100000 3.096631
6.200000 2.694249
6.300000 2.338854
6.400000 2.025748
6.500000 1.750591
6.600000 1.509389
6.700000 1.298478
6.800000 1.114513
6.900000 0.954449
7.000000 0.815525
7.100000 0.695247
7.200000 0.591368
7.300000 0.501873
7.400000 0.424958
7.500000 0.359018
7.600000 0.302624
7.700000 0.254511
7.800000 0.213564
7.900000 0.178799
8.000000 0.149355
8.100000 0.124478
8.200000 0.103510
8.300000 0.085879
8.400000 0.071091
8.500000 0.058715
8.600000 0.048385
8.700000 0.039782
8.800000 0.032634
8.900000 0.026711
9.000000 0.021813
9.100000 0.017773
9.200000 0.014448
9.300000 0.011719
9.400000 0.009484
9.500000 0.007658
9.600000 0.006169
9.700000 0.004959
9.800000 0.003977
9.900000 0.003182
10.000000 0.002540
