-9.900000 0.002314
-9.800000 0.002892
-9.700000 0.003606
-9.600000 0.004487
-9.500000 0.005569
-9.400000 0.006897
-9.300000 0.008523
-9.200000 0.010508
-9.100000 0.012926
-9.000000 0.015864
-8.900000 0.019426
-8.800000 0.023734
-8.700000 0.028932
-8.600000 0.035189
-8.500000 0.042702
-8.400000 0.051702
-8.300000 0.062458
-8.200000 0.075280
-8.100000 0.090530
-8.000000 0.108622
-7.900000 0.130036
-7.800000 0.155319
-7.700000 0.185099
-7.600000 0.220090
-7.500000 0.261104
-7.400000 0.309061
-7.300000 0.364998
-7.200000 0.430086
-7.100000 0.505634
-7.000000 0.593109
-6.900000 0.694145
-6.800000 0.810555
-6.700000 0.944348
-6.600000 1.097738
-6.500000 1.273157
-6.400000 1.473271
-6.300000 1.700985
-6.200000 1.959454
-6.100000 2.252095
-6.000000 2.582591
-5.900000 2.954891
-5.800000 3.373217
-5.700000 3.842060
-5.600000 4.366175
-5.500000 4.950570
-5.400000 5.600492
-5.300000 6.321415
-5.200000 7.119008
-5.100000 7.999110
-5.000000 8.967696
-4.900000 10.030837
-4.800000 11.194649
-4.700000 12.465246
-4.600000 13.848676
-4.500000 15.350860
-4.400000 16.977518
-4.300000 18.734097
-4.200000 20.625683
-4.100000 22.656926
-4.000000 24.831941
-3.900000 27.154224
-3.800000 29.626555
-3.700000 32.250910
-3.600000 35.028363
-3.500000 37.958998
-3.400000 41.041828
-3.300000 44.274706
-3.200000 47.654260
-3.100000 51.175821
-3.000000 54.833371
-2.900000 58.619501
-2.800000 62.525380
-2.700000 66.540737
-2.600000 70.653863
-2.500000 74.851631
-2.400000 79.119525
-2.300000 83.441694
-2.200000 87.801029
-2.100000 92.179243
-2.000000 96.556990
-1.900000 100.913981
-1.800000 105.229137
-1.700000 109.480740
-1.600000 113.646609
-1.500000 117.704289
-1.400000 121.631240
-1.300000 125.405051
-1.200000 129.003641
-1.100000 132.405477
-1.000000 135.589788
-0.900000 138.536769
-0.800000 141.227793
-0.700000 143.645602
-0.600000 145.774494
-0.500000 147.600489
-0.400000 149.111485
-0.300000 150.297389
-0.200000 151.150234
-0.100000 151.664262
-0.000000 151.835993
0.100000 151.664262
0.200000 151.150234
0.300000 150.297389
0.400000 149.111485
0.500000 147.600489
0.600000 145.774494
0.700000 143.645602
0.800000 141.227793
0.900000 138.536769
1.000000 135.589788
1.100000 132.405477
1.200000 129.003641
1.300000 125.405051
1.400000 121.631240
1.500000 117.704289
1.600000 113.646609
1.700000 109.480740
1.800000 105.229137
1.900000 100.913981
2.000000 96.556990
2.100000 92.179243
2.200000 87.801029
2.300000 83.441694
2.400000 79.119525
2.500000 74.851631
2.600000 70.653863
2.700000 66.540737
2.800000 62.525380
2.900000 58.619501
3.000000 54.833371
3.100000 51.175821
3.200000 47.654260
3.300000 44.274706
3.400000 41.041828
3.500000 37.958998
3.600000 35.028363
3.700000 32.250910
3.800000 29.626555
3.900000 27.154224
4.000000 24.831941
4.100000 22.656926
4.200000 20.625683
4.300000 18.734097
4.400000 16.977518
4.500000 15.350860
4.600000 13.848676
4.700000 12.465246
4.800000 11.194649
4.900000 10.030837
5.000000 8.967696
5.100000 7.999110
5.200000 7.119008
5.300000 6.321415
5.400000 5.600492
5.500000 4.950570
5.600000 4.366175
5.700000 3.842060
5.800000 3.373217
5.900000 2.954891
6.000000 2.582591
6.100000 2.252095
6.200000 1.959454
6.300000 1.700985
6.400000 1.473271
6.500000 1.273157
6.600000 1.097738
6.700000 0.944348
6.800000 0.810555
6.900000 0.694145
7.000000 0.593109
7.100000 0.505634
7.200000 0.430086
7.300000 0.364998
7.400000 0.309061
7.500000 0.261104
7.600000 0.220090
7.700000 0.185099
7.800000 0.155319
7.900000 0.130036
8.000000 0.108622
8.100000 0.090530
8.200000 0.075280
8.300000 0.062458
8.400000 0.051702
8.500000 0.042702
8.600000 0.035189
8.700000 0.028932
8.800000 0.023734
8.900000 0.019426
9.000000 0.015864
9.100000 0.012926
9.200000 0.010508
9.300000 0.008523
9.400000 0.006897
9.500000 0.005569
9.600000 0.004487
9.700000 0.003606
9.800000 0.002892
9.900000 0.002314
10.000000 0.001848
