-9.900000 -1.407302 
-9.800000 3.657629 
-9.700000 3.337202 
-9.600000 -1.402129 
-9.500000 0.165738 
-9.400000 -3.628063 
-9.300000 3.167104 
-9.200000 1.081172 
-9.100000 0.573339 
-9.000000 -1.714178 
-8.900000 -2.247379 
-8.800000 -0.123396 
-8.700000 0.529751 
-8.600000 -4.404095 
-8.500000 -0.444028 
-8.400000 -0.966948 
-8.300000 2.508611 
-8.200000 0.481333 
-8.100000 0.667171 
-8.000000 1.259086 
-7.900000 -0.543814 
-7.800000 2.097190 
-7.700000 -0.885297 
-7.600000 -1.888266 
-7.500000 0.522237 
-7.400000 0.997387 
-7.300000 0.194776 
-7.200000 -2.278969 
-7.100000 1.366804 
-7.000000 -2.770841 
-6.900000 0.389293 
-6.800000 -2.070484 
-6.700000 0.313906 
-6.600000 -5.192108 
-6.500000 -0.405152 
-6.400000 -1.487455 
-6.300000 -2.215234 
-6.200000 -4.330670 
-6.100000 0.629131 
-6.000000 0.390259 
-5.900000 1.352761 
-5.800000 0.757292 
-5.700000 -1.688065 
-5.600000 2.877535 
-5.500000 0.263730 
-5.400000 5.190299 
-5.300000 1.709277 
-5.200000 4.197801 
-5.100000 3.061750 
-5.000000 0.592218 
-4.900000 4.662535 
-4.800000 0.279942 
-4.700000 0.189912 
-4.600000 -0.965639 
-4.500000 3.136990 
-4.400000 4.430365 
-4.300000 3.347823 
-4.200000 1.960750 
-4.100000 -0.192408 
-4.000000 3.589539 
-3.900000 2.472346 
-3.800000 2.787679 
-3.700000 4.913028 
-3.600000 7.150337 
-3.500000 6.672225 
-3.400000 4.724393 
-3.300000 8.674853 
-3.200000 10.681772 
-3.100000 14.290431 
-3.000000 11.954205 
-2.900000 8.229166 
-2.800000 12.572177 
-2.700000 10.325088 
-2.600000 13.172917 
-2.500000 10.676343 
-2.400000 16.126041 
-2.300000 14.884530 
-2.200000 17.224844 
-2.100000 12.583316 
-2.000000 18.152346 
-1.900000 18.784728 
-1.800000 21.061919 
-1.700000 20.314864 
-1.600000 23.026006 
-1.500000 18.737246 
-1.400000 19.769106 
-1.300000 21.125954 
-1.200000 24.038190 
-1.100000 22.996226 
-1.000000 25.857565 
-0.900000 28.314237 
-0.800000 28.928087 
-0.700000 26.987519 
-0.600000 23.352074 
-0.500000 25.585320 
-0.400000 29.544269 
-0.300000 29.842560 
-0.200000 27.679276 
-0.100000 27.582394 
-0.000000 27.536701 
0.100000 29.681345 
0.200000 27.939173 
0.300000 27.658893 
0.400000 26.398715 
0.500000 26.663889 
0.600000 30.903870 
0.700000 27.393059 
0.800000 28.381560 
0.900000 26.204873 
1.000000 24.806769 
1.100000 26.660941 
1.200000 25.457426 
1.300000 24.428542 
1.400000 21.983721 
1.500000 23.409203 
1.600000 19.029390 
1.700000 22.510430 
1.800000 15.795360 
1.900000 19.657094 
2.000000 16.250357 
2.100000 20.414981 
2.200000 16.849284 
2.300000 15.594095 
2.400000 15.793084 
2.500000 17.489418 
2.600000 11.619981 
2.700000 10.224494 
2.800000 14.348652 
2.900000 13.239140 
3.000000 12.225705 
3.100000 10.583133 
3.200000 7.784889 
3.300000 5.671979 
3.400000 3.815453 
3.500000 6.660965 
3.600000 8.760136 
3.700000 7.752458 
3.800000 4.233959 
3.900000 3.198845 
4.000000 6.381937 
4.100000 3.949983 
4.200000 4.119529 
4.300000 4.562728 
4.400000 3.792520 
4.500000 1.057706 
4.600000 3.532975 
4.700000 -0.623591 
4.800000 3.664868 
4.900000 2.079673 
5.000000 2.279233 
5.100000 3.033584 
5.200000 3.878041 
5.300000 5.077225 
5.400000 -0.139328 
5.500000 -0.631303 
5.600000 -0.479286 
5.700000 0.769513 
5.800000 2.437738 
5.900000 1.186651 
6.000000 0.878852 
6.100000 0.600254 
6.200000 -0.194594 
6.300000 1.436571 
6.400000 3.657665 
6.500000 -1.154668 
6.600000 0.126150 
6.700000 -0.198370 
6.800000 -2.827062 
6.900000 -1.395640 
7.000000 1.119886 
7.100000 1.091916 
7.200000 1.026152 
7.300000 0.983440 
7.400000 1.756644 
7.500000 2.428575 
7.600000 -1.165514 
7.700000 5.055470 
7.800000 -0.599966 
7.900000 3.046810 
8.000000 0.469903 
8.100000 2.919068 
8.200000 3.647672 
8.300000 0.319490 
8.400000 3.109453 
8.500000 2.099812 
8.600000 -0.674547 
8.700000 2.630151 
8.800000 -1.159746 
8.900000 -2.264956 
9.000000 2.222384 
9.100000 2.177607 
9.200000 1.945574 
9.300000 1.417898 
9.400000 2.261521 
9.500000 -0.540981 
9.600000 -0.609517 
9.700000 0.610960 
9.800000 0.516880 
9.900000 -2.367507 
10.000000 0.401307 
