-9.900000 -1.406868 
-9.800000 3.658171 
-9.700000 3.337878 
-9.600000 -1.401288 
-9.500000 0.166783 
-9.400000 -3.626770 
-9.300000 3.168702 
-9.200000 1.083142 
-9.100000 0.575763 
-9.000000 -1.711204 
-8.900000 -2.243736 
-8.800000 -0.118946 
-8.700000 0.535175 
-8.600000 -4.397497 
-8.500000 -0.436021 
-8.400000 -0.957254 
-8.300000 2.520321 
-8.200000 0.495448 
-8.100000 0.684145 
-8.000000 1.279453 
-7.900000 -0.519432 
-7.800000 2.126312 
-7.700000 -0.850591 
-7.600000 -1.846999 
-7.500000 0.571194 
-7.400000 1.055336 
-7.300000 0.263213 
-7.200000 -2.198327 
-7.100000 1.461610 
-7.000000 -2.659633 
-6.900000 0.519445 
-6.800000 -1.918505 
-6.700000 0.490971 
-6.600000 -4.986282 
-6.500000 -0.166435 
-6.400000 -1.211216 
-6.300000 -1.896300 
-6.200000 -3.963273 
-6.100000 1.051399 
-6.000000 0.874494 
-5.900000 1.906803 
-5.800000 1.389771 
-5.700000 -0.967679 
-5.600000 3.696193 
-5.500000 1.191962 
-5.400000 6.240391 
-5.300000 2.894542 
-5.200000 5.532615 
-5.100000 4.561583 
-5.000000 2.273661 
-4.900000 6.543317 
-4.800000 2.378939 
-4.700000 2.527146 
-4.600000 1.630988 
-4.500000 6.015277 
-4.400000 7.613649 
-4.300000 6.860466 
-4.200000 5.828065 
-4.100000 4.055766 
-4.000000 8.245528 
-3.900000 7.563763 
-3.800000 8.342658 
-3.700000 10.960074 
-3.600000 13.718155 
-3.500000 13.789537 
-3.400000 12.419735 
-3.300000 16.976360 
-3.200000 19.616946 
-3.100000 23.885897 
-3.000000 22.235462 
-2.900000 19.220322 
-2.800000 24.295685 
-2.700000 22.801477 
-2.600000 26.420517 
-2.500000 24.711024 
-2.400000 30.960952 
-2.300000 30.529848 
-2.200000 33.687536 
-2.100000 29.866924 
-2.000000 36.256781 
-1.900000 37.706100 
-1.800000 40.792383 
-1.700000 40.842503 
-1.600000 44.334746 
-1.500000 40.806800 
-1.400000 42.574963 
-1.300000 44.639401 
-1.200000 48.226373 
-1.100000 47.822253 
-1.000000 51.280650 
-0.900000 54.289881 
-0.800000 55.408298 
-0.700000 53.921070 
-0.600000 50.684792 
-0.500000 53.260412 
-0.400000 57.502673 
-0.300000 58.023321 
-0.200000 56.019945 
-0.100000 56.019443 
-0.000000 56.005949 
0.100000 58.118395 
0.200000 56.279842 
0.300000 55.839654 
0.400000 54.357118 
0.500000 54.338980 
0.600000 58.236587 
0.700000 54.326609 
0.800000 54.861771 
0.900000 52.180518 
1.000000 50.229854 
1.100000 51.486968 
1.200000 49.645608 
1.300000 47.941989 
1.400000 44.789579 
1.500000 45.478757 
1.600000 40.338129 
1.700000 43.038068 
1.800000 35.525823 
1.900000 38.578466 
2.000000 34.354793 
2.100000 37.698589 
2.200000 33.311977 
2.300000 31.239413 
2.400000 30.627995 
2.500000 31.524098 
2.600000 24.867580 
2.700000 22.700882 
2.800000 26.072160 
2.900000 24.230297 
3.000000 22.506962 
3.100000 20.178599 
3.200000 16.720063 
3.300000 13.973486 
3.400000 11.510795 
3.500000 13.778277 
3.600000 15.327954 
3.700000 13.799503 
3.800000 9.788939 
3.900000 8.290262 
4.000000 11.037925 
4.100000 8.198157 
4.200000 7.986844 
4.300000 8.075371 
4.400000 6.975805 
4.500000 3.935992 
4.600000 6.129602 
4.700000 1.713643 
4.800000 5.763865 
4.900000 3.960455 
5.000000 3.960676 
5.100000 4.533417 
5.200000 5.212855 
5.300000 6.262490 
5.400000 0.910764 
5.500000 0.296929 
5.600000 0.339372 
5.700000 1.489900 
5.800000 3.070216 
5.900000 1.740693 
6.000000 1.363088 
6.100000 1.022522 
6.200000 0.172804 
6.300000 1.755505 
6.400000 3.933903 
6.500000 -0.915951 
6.600000 0.331976 
6.700000 -0.021305 
6.800000 -2.675083 
6.900000 -1.265487 
7.000000 1.231094 
7.100000 1.186722 
7.200000 1.106793 
7.300000 1.051878 
7.400000 1.814593 
7.500000 2.477532 
7.600000 -1.124247 
7.700000 5.090176 
7.800000 -0.570844 
7.900000 3.071192 
8.000000 0.490269 
8.100000 2.936043 
8.200000 3.661787 
8.300000 0.331201 
8.400000 3.119147 
8.500000 2.107819 
8.600000 -0.667949 
8.700000 2.635576 
8.800000 -1.155296 
8.900000 -2.261314 
9.000000 2.225358 
9.100000 2.180031 
9.200000 1.947544 
9.300000 1.419496 
9.400000 2.262814 
9.500000 -0.539937 
9.600000 -0.608675 
9.700000 0.611637 
9.800000 0.517422 
9.900000 -2.367073 
10.000000 0.401653 
