-9.900000 -1.407736 
-9.800000 3.657087 
-9.700000 3.336525 
-9.600000 -1.402971 
-9.500000 0.164694 
-9.400000 -3.629356 
-9.300000 3.165506 
-9.200000 1.079202 
-9.100000 0.570915 
-9.000000 -1.717153 
-8.900000 -2.251021 
-8.800000 -0.127846 
-8.700000 0.524326 
-8.600000 -4.410693 
-8.500000 -0.452034 
-8.400000 -0.976643 
-8.300000 2.496900 
-8.200000 0.467218 
-8.100000 0.650197 
-8.000000 1.238719 
-7.900000 -0.568196 
-7.800000 2.068068 
-7.700000 -0.920003 
-7.600000 -1.929533 
-7.500000 0.473280 
-7.400000 0.939438 
-7.300000 0.126339 
-7.200000 -2.359610 
-7.100000 1.271997 
-7.000000 -2.882049 
-6.900000 0.259141 
-6.800000 -2.222463 
-6.700000 0.136840 
-6.600000 -5.397934 
-6.500000 -0.643869 
-6.400000 -1.763693 
-6.300000 -2.534169 
-6.200000 -4.698068 
-6.100000 0.206863 
-6.000000 -0.093977 
-5.900000 0.798719 
-5.800000 0.124814 
-5.700000 -2.408452 
-5.600000 2.058877 
-5.500000 -0.664502 
-5.400000 4.140206 
-5.300000 0.524011 
-5.200000 2.862987 
-5.100000 1.561917 
-5.000000 -1.089225 
-4.900000 2.781753 
-4.800000 -1.819054 
-4.700000 -2.147321 
-4.600000 -3.562265 
-4.500000 0.258704 
-4.400000 1.247080 
-4.300000 -0.164820 
-4.200000 -1.906566 
-4.100000 -4.440582 
-4.000000 -1.066450 
-3.900000 -2.619071 
-3.800000 -2.767300 
-3.700000 -1.134017 
-3.600000 0.582519 
-3.500000 -0.445087 
-3.400000 -2.970950 
-3.300000 0.373346 
-3.200000 1.746599 
-3.100000 4.694965 
-3.000000 1.672948 
-2.900000 -2.761991 
-2.800000 0.848668 
-2.700000 -2.151300 
-2.600000 -0.074682 
-2.500000 -3.358338 
-2.400000 1.291130 
-2.300000 -0.760787 
-2.200000 0.762151 
-2.100000 -4.700292 
-2.000000 0.047910 
-1.900000 -0.136643 
-1.800000 1.331456 
-1.700000 -0.212774 
-1.600000 1.717267 
-1.500000 -3.332309 
-1.400000 -3.036752 
-1.300000 -2.387493 
-1.200000 -0.149992 
-1.100000 -1.829801 
-1.000000 0.434480 
-0.900000 2.338593 
-0.800000 2.447876 
-0.700000 0.053969 
-0.600000 -3.980644 
-0.500000 -2.089771 
-0.400000 1.585866 
-0.300000 1.661800 
-0.200000 -0.661392 
-0.100000 -0.854656 
-0.000000 -0.932548 
0.100000 1.244296 
0.200000 -0.401496 
0.300000 -0.521867 
0.400000 -1.559689 
0.500000 -1.011203 
0.600000 3.571152 
0.700000 0.459508 
0.800000 1.901349 
0.900000 0.229229 
1.000000 -0.616316 
1.100000 1.834914 
1.200000 1.269243 
1.300000 0.915095 
1.400000 -0.822136 
1.500000 1.339649 
1.600000 -2.279349 
1.700000 1.982791 
1.800000 -3.935104 
1.900000 0.735723 
2.000000 -1.854078 
2.100000 3.131372 
2.200000 0.386592 
2.300000 -0.051222 
2.400000 0.958173 
2.500000 3.454737 
2.600000 -1.627619 
2.700000 -2.251894 
2.800000 2.625143 
2.900000 2.247984 
3.000000 1.944448 
3.100000 0.987667 
3.200000 -1.150285 
3.300000 -2.629529 
3.400000 -3.879890 
3.500000 -0.456347 
3.600000 2.192318 
3.700000 1.705412 
3.800000 -1.321020 
3.900000 -1.892572 
4.000000 1.725948 
4.100000 -0.298190 
4.200000 0.252213 
4.300000 1.050085 
4.400000 0.609235 
4.500000 -1.820581 
4.600000 0.936348 
4.700000 -2.960824 
4.800000 1.565872 
4.900000 0.198891 
5.000000 0.597790 
5.100000 1.533751 
5.200000 2.543227 
5.300000 3.891960 
5.400000 -1.189421 
5.500000 -1.559535 
5.600000 -1.297944 
5.700000 0.049127 
5.800000 1.805260 
5.900000 0.632609 
6.000000 0.394616 
6.100000 0.177986 
6.200000 -0.561991 
6.300000 1.117636 
6.400000 3.381426 
6.500000 -1.393385 
6.600000 -0.079675 
6.700000 -0.375436 
6.800000 -2.979041 
6.900000 -1.525792 
7.000000 1.008678 
7.100000 0.997109 
7.200000 0.945511 
7.300000 0.915003 
7.400000 1.698696 
7.500000 2.379618 
7.600000 -1.206781 
7.700000 5.020764 
7.800000 -0.629089 
7.900000 3.022428 
8.000000 0.449536 
8.100000 2.902094 
8.200000 3.633557 
8.300000 0.307779 
8.400000 3.099759 
8.500000 2.091806 
8.600000 -0.681145 
8.700000 2.624727 
8.800000 -1.164196 
8.900000 -2.268598 
9.000000 2.219410 
9.100000 2.175184 
9.200000 1.943604 
9.300000 1.416300 
9.400000 2.260228 
9.500000 -0.542025 
9.600000 -0.610358 
9.700000 0.610284 
9.800000 0.516337 
9.900000 -2.367941 
10.000000 0.400960 
