-9.900000 -1.406579 
-9.800000 3.658533 
-9.700000 3.338329 
-9.600000 -1.400727 
-9.500000 0.167479 
-9.400000 -3.625907 
-9.300000 3.169767 
-9.200000 1.084456 
-9.100000 0.577378 
-9.000000 -1.709221 
-8.900000 -2.241308 
-8.800000 -0.115979 
-8.700000 0.538792 
-8.600000 -4.393098 
-8.500000 -0.430683 
-8.400000 -0.950791 
-8.300000 2.528129 
-8.200000 0.504858 
-8.100000 0.695461 
-8.000000 1.293030 
-7.900000 -0.503178 
-7.800000 2.145727 
-7.700000 -0.827453 
-7.600000 -1.819488 
-7.500000 0.603832 
-7.400000 1.093968 
-7.300000 0.308838 
-7.200000 -2.144567 
-7.100000 1.524814 
-7.000000 -2.585494 
-6.900000 0.606213 
-6.800000 -1.817186 
-6.700000 0.609014 
-6.600000 -4.849065 
-6.500000 -0.007290 
-6.400000 -1.027057 
-6.300000 -1.683677 
-6.200000 -3.718341 
-6.100000 1.332911 
-6.000000 1.197318 
-5.900000 2.276164 
-5.800000 1.811423 
-5.700000 -0.487421 
-5.600000 4.241965 
-5.500000 1.810783 
-5.400000 6.940453 
-5.300000 3.684719 
-5.200000 6.422491 
-5.100000 5.561471 
-5.000000 3.394623 
-4.900000 7.797171 
-4.800000 3.778270 
-4.700000 4.085302 
-4.600000 3.362073 
-4.500000 7.934134 
-4.400000 9.735839 
-4.300000 9.202228 
-4.200000 8.406276 
-4.100000 6.887881 
-4.000000 11.349520 
-3.900000 10.958040 
-3.800000 12.045978 
-3.700000 14.991438 
-3.600000 18.096701 
-3.500000 18.534412 
-3.400000 17.549964 
-3.300000 22.510699 
-3.200000 25.573729 
-3.100000 30.282875 
-3.000000 29.089634 
-2.900000 26.547760 
-2.800000 32.111358 
-2.700000 31.119069 
-2.600000 35.252249 
-2.500000 34.067478 
-2.400000 40.850892 
-2.300000 40.960060 
-2.200000 44.662665 
-2.100000 41.389329 
-2.000000 48.326405 
-1.900000 50.320348 
-1.800000 53.946025 
-1.700000 54.527596 
-1.600000 58.540572 
-1.500000 55.519836 
-1.400000 57.778868 
-1.300000 60.315033 
-1.200000 64.351828 
-1.100000 64.372937 
-1.000000 68.229374 
-0.900000 71.606977 
-0.800000 73.061772 
-0.700000 71.876770 
-0.600000 68.906603 
-0.500000 71.710473 
-0.400000 76.141608 
-0.300000 76.810495 
-0.200000 74.913725 
-0.100000 74.977476 
-0.000000 74.985449 
0.100000 77.076427 
0.200000 75.173621 
0.300000 74.626827 
0.400000 72.996054 
0.500000 72.789041 
0.600000 76.458399 
0.700000 72.282309 
0.800000 72.515246 
0.900000 69.497614 
1.000000 67.178577 
1.100000 68.037653 
1.200000 65.771064 
1.300000 63.617620 
1.400000 59.993484 
1.500000 60.191793 
1.600000 54.543956 
1.700000 56.723161 
1.800000 48.679465 
1.900000 51.192713 
2.000000 46.424416 
2.100000 49.220994 
2.200000 44.287106 
2.300000 41.669625 
2.400000 40.517936 
2.500000 40.880552 
2.600000 33.699313 
2.700000 31.018474 
2.800000 33.887833 
2.900000 31.557735 
3.000000 29.361133 
3.100000 26.575577 
3.200000 22.676845 
3.300000 19.507824 
3.400000 16.641024 
3.500000 18.523152 
3.600000 19.706500 
3.700000 17.830867 
3.800000 13.492258 
3.900000 11.684540 
4.000000 14.141918 
4.100000 11.030272 
4.200000 10.565055 
4.300000 10.417133 
4.400000 9.097994 
4.500000 5.854849 
4.600000 7.860686 
4.700000 3.271798 
4.800000 7.163196 
4.900000 5.214309 
5.000000 5.081638 
5.100000 5.533306 
5.200000 6.102731 
5.300000 7.052667 
5.400000 1.610826 
5.500000 0.915750 
5.600000 0.885144 
5.700000 1.970157 
5.800000 3.491868 
5.900000 2.110054 
6.000000 1.685912 
6.100000 1.304034 
6.200000 0.417736 
6.300000 1.968128 
6.400000 4.118062 
6.500000 -0.756806 
6.600000 0.469193 
6.700000 0.096738 
6.800000 -2.573764 
6.900000 -1.178719 
7.000000 1.305233 
7.100000 1.249926 
7.200000 1.160553 
7.300000 1.097502 
7.400000 1.853226 
7.500000 2.510170 
7.600000 -1.096736 
7.700000 5.113314 
7.800000 -0.551429 
7.900000 3.087446 
8.000000 0.503847 
8.100000 2.947359 
8.200000 3.671197 
8.300000 0.339008 
8.400000 3.125610 
8.500000 2.113157 
8.600000 -0.663550 
8.700000 2.639193 
8.800000 -1.152329 
8.900000 -2.258885 
9.000000 2.227341 
9.100000 2.181646 
9.200000 1.948858 
9.300000 1.420561 
9.400000 2.263677 
9.500000 -0.539241 
9.600000 -0.608115 
9.700000 0.612087 
9.800000 0.517784 
9.900000 -2.366784 
10.000000 0.401884 
