-9.900000 -1.406290 
-9.800000 3.658894 
-9.700000 3.338779 
-9.600000 -1.400166 
-9.500000 0.168175 
-9.400000 -3.625045 
-9.300000 3.170832 
-9.200000 1.085769 
-9.100000 0.578994 
-9.000000 -1.707238 
-8.900000 -2.238880 
-8.800000 -0.113012 
-8.700000 0.542408 
-8.600000 -4.388700 
-8.500000 -0.425346 
-8.400000 -0.944329 
-8.300000 2.535936 
-8.200000 0.514268 
-8.100000 0.706778 
-8.000000 1.306608 
-7.900000 -0.486923 
-7.800000 2.165142 
-7.700000 -0.804316 
-7.600000 -1.791977 
-7.500000 0.636470 
-7.400000 1.132601 
-7.300000 0.354462 
-7.200000 -2.090806 
-7.100000 1.588018 
-7.000000 -2.511355 
-6.900000 0.692981 
-6.800000 -1.715867 
-6.700000 0.727058 
-6.600000 -4.711848 
-6.500000 0.151854 
-6.400000 -0.842898 
-6.300000 -1.471054 
-6.200000 -3.473409 
-6.100000 1.614423 
-6.000000 1.520142 
-5.900000 2.645526 
-5.800000 2.233075 
-5.700000 -0.007164 
-5.600000 4.787736 
-5.500000 2.429604 
-5.400000 7.640514 
-5.300000 4.474896 
-5.200000 7.312367 
-5.100000 6.561360 
-5.000000 4.515585 
-4.900000 9.051026 
-4.800000 5.177601 
-4.700000 5.643457 
-4.600000 5.093157 
-4.500000 9.852992 
-4.400000 11.858029 
-4.300000 11.543990 
-4.200000 10.984486 
-4.100000 9.719997 
-4.000000 14.453513 
-3.900000 14.352318 
-3.800000 15.749297 
-3.700000 19.022802 
-3.600000 22.475246 
-3.500000 23.279287 
-3.400000 22.680192 
-3.300000 28.045037 
-3.200000 31.530511 
-3.100000 36.679852 
-3.000000 35.943805 
-2.900000 33.875198 
-2.800000 39.927030 
-2.700000 39.436661 
-2.600000 44.083982 
-2.500000 43.423932 
-2.400000 50.740833 
-2.300000 51.390272 
-2.200000 55.637793 
-2.100000 52.911735 
-2.000000 60.396029 
-1.900000 62.934595 
-1.800000 67.099667 
-1.700000 68.212688 
-1.600000 72.746398 
-1.500000 70.232872 
-1.400000 72.982773 
-1.300000 75.990664 
-1.200000 80.477283 
-1.100000 80.923622 
-1.000000 85.178097 
-0.900000 88.924073 
-0.800000 90.715246 
-0.700000 89.832470 
-0.600000 87.128415 
-0.500000 90.160534 
-0.400000 94.780544 
-0.300000 95.597668 
-0.200000 93.807504 
-0.100000 93.935508 
-0.000000 93.964948 
0.100000 96.034460 
0.200000 94.067401 
0.300000 93.414001 
0.400000 91.634989 
0.500000 91.239102 
0.600000 94.680211 
0.700000 90.238010 
0.800000 90.168720 
0.900000 86.814710 
1.000000 84.127301 
1.100000 84.588338 
1.200000 81.896519 
1.300000 79.293252 
1.400000 75.197389 
1.500000 74.904830 
1.600000 68.749782 
1.700000 70.408253 
1.800000 61.833107 
1.900000 63.806961 
2.000000 58.494040 
2.100000 60.743399 
2.200000 55.262234 
2.300000 52.099837 
2.400000 50.407876 
2.500000 50.237006 
2.600000 42.531046 
2.700000 39.336067 
2.800000 41.703505 
2.900000 38.885172 
3.000000 36.215305 
3.100000 32.972554 
3.200000 28.633628 
3.300000 25.042163 
3.400000 21.771252 
3.500000 23.268027 
3.600000 24.085045 
3.700000 21.862231 
3.800000 17.195577 
3.900000 15.078818 
4.000000 17.245911 
4.100000 13.862388 
4.200000 13.143265 
4.300000 12.758895 
4.400000 11.220184 
4.500000 7.773707 
4.600000 9.591771 
4.700000 4.829954 
4.800000 8.562527 
4.900000 6.468164 
5.000000 6.202600 
5.100000 6.533195 
5.200000 6.992607 
5.300000 7.842844 
5.400000 2.310887 
5.500000 1.534571 
5.600000 1.430916 
5.700000 2.450415 
5.800000 3.913521 
5.900000 2.479415 
6.000000 2.008736 
6.100000 1.585546 
6.200000 0.662667 
6.300000 2.180751 
6.400000 4.302221 
6.500000 -0.597662 
6.600000 0.606411 
6.700000 0.214782 
6.800000 -2.472444 
6.900000 -1.091951 
7.000000 1.379371 
7.100000 1.313131 
7.200000 1.214314 
7.300000 1.143127 
7.400000 1.891858 
7.500000 2.542808 
7.600000 -1.069225 
7.700000 5.136451 
7.800000 -0.532014 
7.900000 3.103701 
8.000000 0.517425 
8.100000 2.958675 
8.200000 3.680607 
8.300000 0.346815 
8.400000 3.132073 
8.500000 2.118494 
8.600000 -0.659152 
8.700000 2.642809 
8.800000 -1.149363 
8.900000 -2.256457 
9.000000 2.229324 
9.100000 2.183262 
9.200000 1.950171 
9.300000 1.421627 
9.400000 2.264539 
9.500000 -0.538545 
9.600000 -0.607554 
9.700000 0.612538 
9.800000 0.518145 
9.900000 -2.366495 
10.000000 0.402115 
