-9.900000 -1.407447 
-9.800000 3.657448 
-9.700000 3.336976 
-9.600000 -1.402410 
-9.500000 0.165390 
-9.400000 -3.628494 
-9.300000 3.166571 
-9.200000 1.080515 
-9.100000 0.572531 
-9.000000 -1.715170 
-8.900000 -2.248593 
-8.800000 -0.124879 
-8.700000 0.527942 
-8.600000 -4.406294 
-8.500000 -0.446697 
-8.400000 -0.970180 
-8.300000 2.504707 
-8.200000 0.476628 
-8.100000 0.661513 
-8.000000 1.252297 
-7.900000 -0.551941 
-7.800000 2.087482 
-7.700000 -0.896865 
-7.600000 -1.902022 
-7.500000 0.505918 
-7.400000 0.978070 
-7.300000 0.171963 
-7.200000 -2.305849 
-7.100000 1.335201 
-7.000000 -2.807910 
-6.900000 0.345909 
-6.800000 -2.121144 
-6.700000 0.254884 
-6.600000 -5.260717 
-6.500000 -0.484724 
-6.400000 -1.579534 
-6.300000 -2.321546 
-6.200000 -4.453136 
-6.100000 0.488375 
-6.000000 0.228847 
-5.900000 1.168080 
-5.800000 0.546466 
-5.700000 -1.928194 
-5.600000 2.604649 
-5.500000 -0.045680 
-5.400000 4.840268 
-5.300000 1.314188 
-5.200000 3.752863 
-5.100000 2.561805 
-5.000000 0.031737 
-4.900000 4.035607 
-4.800000 -0.419723 
-4.700000 -0.589165 
-4.600000 -1.831181 
-4.500000 2.177562 
-4.400000 3.369270 
-4.300000 2.176942 
-4.200000 0.671645 
-4.100000 -1.608466 
-4.000000 2.037543 
-3.900000 0.775207 
-3.800000 0.936019 
-3.700000 2.897346 
-3.600000 4.961065 
-3.500000 4.299788 
-3.400000 2.159278 
-3.300000 5.907684 
-3.200000 7.703381 
-3.100000 11.091942 
-3.000000 8.527120 
-2.900000 4.565447 
-2.800000 8.664340 
-2.700000 6.166292 
-2.600000 8.757051 
-2.500000 5.998116 
-2.400000 11.181071 
-2.300000 9.669424 
-2.200000 11.737279 
-2.100000 6.822113 
-2.000000 12.117534 
-1.900000 12.477605 
-1.800000 14.485098 
-1.700000 13.472318 
-1.600000 15.923093 
-1.500000 11.380728 
-1.400000 12.167153 
-1.300000 13.288138 
-1.200000 15.975463 
-1.100000 14.720883 
-1.000000 17.383203 
-0.900000 19.655689 
-0.800000 20.101350 
-0.700000 18.009669 
-0.600000 14.241168 
-0.500000 16.360290 
-0.400000 20.224801 
-0.300000 20.448974 
-0.200000 18.232387 
-0.100000 18.103377 
-0.000000 18.046951 
0.100000 20.202329 
0.200000 18.492284 
0.300000 18.265306 
0.400000 17.079247 
0.500000 17.438858 
0.600000 21.792964 
0.700000 18.415208 
0.800000 19.554823 
0.900000 17.546325 
1.000000 16.332407 
1.100000 18.385599 
1.200000 17.394698 
1.300000 16.590726 
1.400000 14.381769 
1.500000 16.052685 
1.600000 11.926477 
1.700000 15.667883 
1.800000 9.218538 
1.900000 13.349970 
2.000000 10.215545 
2.100000 14.653778 
2.200000 11.361720 
2.300000 10.378989 
2.400000 10.848114 
2.500000 12.811191 
2.600000 7.204114 
2.700000 6.065698 
2.800000 10.440815 
2.900000 9.575422 
3.000000 8.798619 
3.100000 7.384644 
3.200000 4.806498 
3.300000 2.904809 
3.400000 1.250338 
3.500000 4.288528 
3.600000 6.570864 
3.700000 5.736776 
3.800000 2.382300 
3.900000 1.501706 
4.000000 4.829940 
4.100000 2.533925 
4.200000 2.830423 
4.300000 3.391847 
4.400000 2.731425 
4.500000 0.098277 
4.600000 2.667433 
4.700000 -1.402669 
4.800000 2.965203 
4.900000 1.452746 
5.000000 1.718752 
5.100000 2.533640 
5.200000 3.433103 
5.300000 4.682137 
5.400000 -0.489359 
5.500000 -0.940714 
5.600000 -0.752172 
5.700000 0.529385 
5.800000 2.226912 
5.900000 1.001970 
6.000000 0.717440 
6.100000 0.459498 
6.200000 -0.317059 
6.300000 1.330259 
6.400000 3.565585 
6.500000 -1.234240 
6.600000 0.057542 
6.700000 -0.257392 
6.800000 -2.877722 
6.900000 -1.439024 
7.000000 1.082817 
7.100000 1.060314 
7.200000 0.999271 
7.300000 0.960628 
7.400000 1.737328 
7.500000 2.412256 
7.600000 -1.179270 
7.700000 5.043901 
7.800000 -0.609674 
7.900000 3.038683 
8.000000 0.463114 
8.100000 2.913410 
8.200000 3.642967 
8.300000 0.315586 
8.400000 3.106222 
8.500000 2.097143 
8.600000 -0.676746 
8.700000 2.628343 
8.800000 -1.161230 
8.900000 -2.266170 
9.000000 2.221393 
9.100000 2.176799 
9.200000 1.944917 
9.300000 1.417365 
9.400000 2.261090 
9.500000 -0.541329 
9.600000 -0.609797 
9.700000 0.610735 
9.800000 0.516699 
9.900000 -2.367652 
10.000000 0.401191 
