-9.900000 -1.407158 
-9.800000 3.657810 
-9.700000 3.337427 
-9.600000 -1.401849 
-9.500000 0.166086 
-9.400000 -3.627632 
-9.300000 3.167636 
-9.200000 1.081829 
-9.100000 0.574147 
-9.000000 -1.713187 
-8.900000 -2.246165 
-8.800000 -0.121912 
-8.700000 0.531559 
-8.600000 -4.401896 
-8.500000 -0.441359 
-8.400000 -0.963717 
-8.300000 2.512514 
-8.200000 0.486038 
-8.100000 0.672829 
-8.000000 1.265875 
-7.900000 -0.535687 
-7.800000 2.106897 
-7.700000 -0.873728 
-7.600000 -1.874511 
-7.500000 0.538556 
-7.400000 1.016703 
-7.300000 0.217588 
-7.200000 -2.252088 
-7.100000 1.398406 
-7.000000 -2.733771 
-6.900000 0.432677 
-6.800000 -2.019825 
-6.700000 0.372927 
-6.600000 -5.123500 
-6.500000 -0.325580 
-6.400000 -1.395375 
-6.300000 -2.108923 
-6.200000 -4.208204 
-6.100000 0.769887 
-6.000000 0.551671 
-5.900000 1.537442 
-5.800000 0.968119 
-5.700000 -1.447936 
-5.600000 3.150421 
-5.500000 0.573141 
-5.400000 5.540329 
-5.300000 2.104365 
-5.200000 4.642739 
-5.100000 3.561694 
-5.000000 1.152699 
-4.900000 5.289462 
-4.800000 0.979608 
-4.700000 0.968990 
-4.600000 -0.100096 
-4.500000 4.096419 
-4.400000 5.491460 
-4.300000 4.518704 
-4.200000 3.249855 
-4.100000 1.223650 
-4.000000 5.141535 
-3.900000 4.169485 
-3.800000 4.639339 
-3.700000 6.928710 
-3.600000 9.339610 
-3.500000 9.044663 
-3.400000 7.289507 
-3.300000 11.442022 
-3.200000 13.660164 
-3.100000 17.488920 
-3.000000 15.381291 
-2.900000 11.892885 
-2.800000 16.480013 
-2.700000 14.483885 
-2.600000 17.588784 
-2.500000 15.354570 
-2.400000 21.071011 
-2.300000 20.099636 
-2.200000 22.712408 
-2.100000 18.344518 
-2.000000 24.187157 
-1.900000 25.091852 
-1.800000 27.638741 
-1.700000 27.157411 
-1.600000 30.128920 
-1.500000 26.093764 
-1.400000 27.371058 
-1.300000 28.963770 
-1.200000 32.100918 
-1.100000 31.271568 
-1.000000 34.331927 
-0.900000 36.972785 
-0.800000 37.754824 
-0.700000 35.965369 
-0.600000 32.462980 
-0.500000 34.810351 
-0.400000 38.863737 
-0.300000 39.236147 
-0.200000 37.126166 
-0.100000 37.061410 
-0.000000 37.026450 
0.100000 39.160362 
0.200000 37.386063 
0.300000 37.052480 
0.400000 35.718182 
0.500000 35.888919 
0.600000 40.014776 
0.700000 36.370909 
0.800000 37.208297 
0.900000 34.863421 
1.000000 33.281131 
1.100000 34.936284 
1.200000 33.520153 
1.300000 32.266357 
1.400000 29.585674 
1.500000 30.765721 
1.600000 26.132303 
1.700000 29.352976 
1.800000 22.372181 
1.900000 25.964218 
2.000000 22.285169 
2.100000 26.176183 
2.200000 22.336849 
2.300000 20.809201 
2.400000 20.738054 
2.500000 22.167645 
2.600000 16.035847 
2.700000 14.383290 
2.800000 18.256488 
2.900000 16.902859 
3.000000 15.652791 
3.100000 13.781622 
3.200000 10.763280 
3.300000 8.439148 
3.400000 6.380567 
3.500000 9.033402 
3.600000 10.949409 
3.700000 9.768140 
3.800000 6.085619 
3.900000 4.895984 
4.000000 7.933933 
4.100000 5.366041 
4.200000 5.408634 
4.300000 5.733609 
4.400000 4.853615 
4.500000 2.017134 
4.600000 4.398517 
4.700000 0.155487 
4.800000 4.364534 
4.900000 2.706600 
5.000000 2.839714 
5.100000 3.533528 
5.200000 4.322979 
5.300000 5.472314 
5.400000 0.210703 
5.500000 -0.321893 
5.600000 -0.206400 
5.700000 1.009642 
5.800000 2.648564 
5.900000 1.371331 
6.000000 1.040264 
6.100000 0.741010 
6.200000 -0.072128 
6.300000 1.542882 
6.400000 3.749744 
6.500000 -1.075096 
6.600000 0.194759 
6.700000 -0.139349 
6.800000 -2.776402 
6.900000 -1.352256 
7.000000 1.156955 
7.100000 1.123518 
7.200000 1.053032 
7.300000 1.006253 
7.400000 1.775961 
7.500000 2.444894 
7.600000 -1.151759 
7.700000 5.067039 
7.800000 -0.590259 
7.900000 3.054937 
8.000000 0.476692 
8.100000 2.924726 
8.200000 3.652377 
8.300000 0.323394 
8.400000 3.112685 
8.500000 2.102481 
8.600000 -0.672348 
8.700000 2.631960 
8.800000 -1.158263 
8.900000 -2.263742 
9.000000 2.223375 
9.100000 2.178415 
9.200000 1.946231 
9.300000 1.418431 
9.400000 2.261952 
9.500000 -0.540633 
9.600000 -0.609236 
9.700000 0.611186 
9.800000 0.517060 
9.900000 -2.367363 
10.000000 0.401422 
