-9.900000 1.404738
-9.800000 2.539600
-9.700000 0.010976
-9.600000 -0.749531
-9.500000 0.316040
-9.400000 4.378965
-9.300000 -2.726598
-9.200000 -1.921380
-9.100000 3.361713
-9.000000 3.598848
-8.900000 -0.660194
-8.800000 -1.474334
-8.700000 1.747978
-8.600000 1.746667
-8.500000 -1.340704
-8.400000 -1.742206
-8.300000 -1.779932
-8.200000 4.733884
-8.100000 -2.383201
-8.000000 2.912677
-7.900000 3.592099
-7.800000 -1.266354
-7.700000 -1.842617
-7.600000 0.544064
-7.500000 0.336619
-7.400000 -0.415750
-7.300000 2.359707
-7.200000 -2.642271
-7.100000 -0.460626
-7.000000 -0.407269
-6.900000 0.541057
-6.800000 -0.094339
-6.700000 1.749105
-6.600000 5.536767
-6.500000 0.776652
-6.400000 -4.286822
-6.300000 -1.055037
-6.200000 -3.566538
-6.100000 -1.023111
-6.000000 0.497415
-5.900000 -2.942065
-5.800000 5.801437
-5.700000 -1.038197
-5.600000 1.875266
-5.500000 -0.884646
-5.400000 -1.353965
-5.300000 1.135262
-5.200000 -0.871957
-5.100000 -1.773730
-5.000000 0.031385
-4.900000 -1.447248
-4.800000 -2.095893
-4.700000 2.085705
-4.600000 -2.419978
-4.500000 1.130066
-4.400000 -2.548804
-4.300000 2.012961
-4.200000 0.779731
-4.100000 1.498337
-4.000000 -4.846546
-3.900000 0.313798
-3.800000 -0.828311
-3.700000 0.918377
-3.600000 -1.866742
-3.500000 0.080061
-3.400000 0.416525
-3.300000 -0.124404
-3.200000 -2.231517
-3.100000 2.030183
-3.000000 -1.111241
-2.900000 2.512919
-2.800000 -0.659366
-2.700000 -2.203897
-2.600000 0.077376
-2.500000 1.745095
-2.400000 2.181839
-2.300000 3.610078
-2.200000 0.972659
-2.100000 -1.345395
-2.000000 -3.011416
-1.900000 1.017747
-1.800000 -0.317308
-1.700000 -2.760657
-1.600000 1.166231
-1.500000 -0.413327
-1.400000 1.883761
-1.300000 1.047115
-1.200000 0.691151
-1.100000 0.055092
-1.000000 0.068097
-0.900000 3.498166
-0.800000 -0.264259
-0.700000 2.042894
-0.600000 0.384403
-0.500000 -0.779114
-0.400000 4.735393
-0.300000 -3.281631
-0.200000 3.526586
-0.100000 -0.771679
-0.000000 1.878128
0.100000 1.769829
0.200000 2.518746
0.300000 -1.924840
0.400000 0.585738
0.500000 -1.517875
0.600000 -0.597299
0.700000 -3.320927
0.800000 0.160785
0.900000 0.112742
1.000000 -2.193346
1.100000 2.498846
1.200000 -1.656179
1.300000 -0.723518
1.400000 0.459039
1.500000 -0.179075
1.600000 -0.484856
1.700000 3.257115
1.800000 -2.212311
1.900000 -0.758359
2.000000 2.570665
2.100000 -0.103530
2.200000 3.443990
2.300000 1.021029
2.400000 -1.867312
2.500000 -0.052205
2.600000 2.952462
2.700000 2.918373
2.800000 0.996871
2.900000 -1.810140
3.000000 -0.525828
3.100000 0.077327
3.200000 3.414278
3.300000 1.198427
3.400000 0.037272
3.500000 0.036422
3.600000 -1.442340
3.700000 -1.811695
3.800000 1.943090
3.900000 -0.924671
4.000000 0.200373
4.100000 -4.764136
4.200000 -2.312279
4.300000 -0.867430
4.400000 2.552984
4.500000 -0.711910
4.600000 1.218972
4.700000 0.166663
4.800000 1.111235
4.900000 1.133114
5.000000 1.375611
5.100000 0.524666
5.200000 1.372447
5.300000 1.327041
5.400000 1.062051
5.500000 -1.044003
5.600000 1.764250
5.700000 -0.924211
5.800000 2.614340
5.900000 2.370877
6.000000 -3.574064
6.100000 -0.679834
6.200000 -1.472774
6.300000 -3.475444
6.400000 3.448146
6.500000 2.394828
6.600000 -0.378503
6.700000 -2.404696
6.800000 1.070803
6.900000 -2.166386
7.000000 4.708063
7.100000 -2.470962
7.200000 -3.768734
7.300000 -1.429316
7.400000 2.321607
7.500000 1.667926
7.600000 3.331733
7.700000 -0.285507
7.800000 -0.038471
7.900000 -0.638727
8.000000 -4.013469
8.100000 -0.890550
8.200000 1.415951
8.300000 -2.975326
8.400000 -0.722345
8.500000 0.421477
8.600000 0.107901
8.700000 -5.539254
8.800000 3.977580
8.900000 2.766645
9.000000 0.563181
9.100000 -1.276295
9.200000 -2.670483
9.300000 -1.706385
9.400000 -1.405984
9.500000 1.090263
9.600000 -0.705082
9.700000 -4.603397
9.800000 -0.508404
9.900000 0.847805
10.000000 -0.261294
