1.191
0.994
-1.606
0.127
-0.033
-0.110
-0.984
-0.113
0.415
0.595
-0.921
-0.673
-0.663
-0.124
-0.158
0.316
0.409
-1.191
1.374
-0.963
0.257
0.217
1.173
0.456
0.464
0.917
-0.356
0.708
-0.762
-0.390
0.560
-0.772
-0.247
1.162
-1.568
-0.069
-0.692
-0.834
0.547
-1.601
0.291
0.344
-0.558
-0.572
0.348
0.304
-0.345
1.001
0.230
-0.603
-1.483
0.166
-1.161
0.222
1.075
-0.110
0.549
-0.641
-0.521
-0.487
-0.366
-0.071
0.998
-1.131
0.740
-1.420
1.619
-2.047
-0.519
0.363
0.584
-0.456
0.048
0.571
-0.189
-0.207
-0.547
-1.116
0.055
-0.538
-0.067
-1.279
1.981
-1.359
0.657
-0.615
-1.136
-1.850
-0.850
-0.723
0.805
-1.603
-1.422
-1.086
-1.568
-0.627
-0.602
0.854
-1.195
1.447
1.059
-0.612
-0.123
-1.234
-1.147
0.549
-1.345
0.013
0.697
1.062
0.736
-0.032
0.521
-0.415
2.150
-0.902
0.034
0.712
0.568
0.531
-0.266
-0.714
0.743
1.540
1.455
-0.557
-0.571
0.082
-2.307
0.190
1.751
0.240
0.045
0.795
-0.866
0.549
-0.218
1.098
-0.249
-2.271
-2.120
-0.194
0.605
-0.850
1.270
-0.989
0.640
-1.245
-1.747
-0.363
-0.182
0.049
0.828
2.133
-1.031
-1.305
-0.347
-0.081
0.995
-0.276
0.858
0.206
0.732
-0.129
0.054
-0.962
0.423
0.105
-1.069
-1.150
-0.036
1.397
-0.321
-0.953
-0.259
0.086
0.120
-0.620
-0.413
-0.695
1.472
1.038
-0.512
1.744
-1.855
-0.872
-1.142
-0.090
-0.256
-0.823
-0.551
0.257
-0.376
-1.250
0.291
0.504
1.367
0.607
0.768
0.814
