-9.900000 1.406184
-9.800000 2.541408
-9.700000 0.013230
-9.600000 -0.746727
-9.500000 0.319521
-9.400000 4.383276
-9.300000 -2.721271
-9.200000 -1.914813
-9.100000 3.369791
-9.000000 3.608763
-8.900000 -0.648053
-8.800000 -1.459500
-8.700000 1.766061
-8.600000 1.768660
-8.500000 -1.314015
-8.400000 -1.709892
-8.300000 -1.740896
-8.200000 4.780934
-8.100000 -2.326620
-8.000000 2.980566
-7.900000 3.673371
-7.800000 -1.169279
-7.700000 -1.726930
-7.600000 0.681620
-7.500000 0.499809
-7.400000 -0.222587
-7.300000 2.587831
-7.200000 -2.373467
-7.100000 -0.144605
-7.000000 -0.036576
-6.900000 0.974898
-6.800000 0.412258
-6.700000 2.339322
-6.600000 6.222853
-6.500000 1.572375
-6.400000 -3.366027
-6.300000 0.008078
-6.200000 -2.341879
-6.100000 0.384449
-6.000000 2.111534
-5.900000 -1.095258
-5.800000 7.909698
-5.700000 1.363091
-5.600000 4.604125
-5.500000 2.209460
-5.400000 2.146343
-5.300000 5.086146
-5.200000 3.577423
-5.100000 3.225713
-5.000000 5.636195
-4.900000 4.822025
-4.800000 4.900763
-4.700000 9.876484
-4.600000 6.235444
-4.500000 10.724353
-4.400000 8.062145
-4.300000 13.721771
-4.200000 13.670783
-4.100000 15.658916
-4.000000 10.673417
-3.900000 17.285188
-3.800000 17.688286
-3.700000 21.075196
-3.600000 20.025985
-3.500000 23.804435
-3.400000 26.067667
-3.300000 27.547287
-3.200000 27.552395
-3.100000 34.015071
-3.000000 33.159616
-2.900000 39.150107
-2.800000 38.418997
-2.700000 39.384063
-2.600000 44.236041
-2.500000 48.527365
-2.400000 51.631542
-2.300000 55.761137
-2.200000 55.848302
-2.100000 56.266632
-2.000000 57.336702
-1.900000 64.088985
-1.800000 65.450903
-1.700000 65.664806
-1.600000 72.195362
-1.500000 73.151853
-1.400000 77.903286
-1.300000 79.425272
-1.200000 81.318427
-1.100000 82.808515
-1.000000 84.811714
-0.900000 90.083646
-0.800000 88.003112
-0.700000 91.821396
-0.600000 91.493462
-0.500000 91.471192
-0.400000 97.930071
-0.300000 90.654237
-0.200000 97.995482
-0.100000 94.018485
-0.000000 96.775624
0.100000 96.559993
0.200000 96.987642
0.300000 92.011028
0.400000 93.780416
0.500000 90.732431
0.600000 90.511760
0.700000 86.457575
0.800000 88.428156
0.900000 86.698222
1.000000 82.550271
1.100000 85.252269
1.200000 78.971097
1.300000 77.654639
1.400000 76.478564
1.500000 73.386105
1.600000 70.544275
1.700000 71.682578
1.800000 63.555900
1.900000 62.312879
2.000000 62.918783
2.100000 57.508497
2.200000 58.319633
2.300000 53.172088
2.400000 47.582391
2.500000 46.730065
2.600000 47.111127
2.700000 44.506333
2.800000 40.075234
2.900000 34.827048
3.000000 33.745029
3.100000 32.062215
3.200000 33.198190
3.300000 28.870118
3.400000 25.688414
3.500000 23.760796
3.600000 20.450387
3.700000 18.345124
3.800000 20.459687
3.900000 16.046719
4.000000 15.720336
4.100000 9.396443
4.200000 10.578773
4.300000 10.841380
4.400000 13.163933
4.500000 8.882377
4.600000 9.874394
4.700000 7.957442
4.800000 8.107891
4.900000 7.402387
5.000000 6.980421
5.100000 5.524109
5.200000 5.821827
5.300000 5.277925
5.400000 4.562359
5.500000 2.050103
5.600000 4.493109
5.700000 1.477077
5.800000 4.722601
5.900000 4.217684
6.000000 -1.959945
6.100000 0.727726
6.200000 -0.248115
6.300000 -2.412329
6.400000 4.368941
6.500000 3.190551
6.600000 0.307583
6.700000 -1.814479
6.800000 1.577400
6.900000 -1.732545
7.000000 5.078756
7.100000 -2.154941
7.200000 -3.499930
7.300000 -1.201192
7.400000 2.514770
7.500000 1.831116
7.600000 3.469289
7.700000 -0.169820
7.800000 0.058604
7.900000 -0.557455
8.000000 -3.945580
8.100000 -0.833969
8.200000 1.463001
8.300000 -2.936290
8.400000 -0.690031
8.500000 0.448166
8.600000 0.129894
8.700000 -5.521171
8.800000 3.992414
8.900000 2.778786
9.000000 0.573096
9.100000 -1.268217
9.200000 -2.663916
9.300000 -1.701058
9.400000 -1.401673
9.500000 1.093744
9.600000 -0.702278
9.700000 -4.601143
9.800000 -0.506596
9.900000 0.849251
10.000000 -0.260139
