105 1 7.41
105 2 19.21
105 3 31.22
105 4 42.76
105 5 53.8
105 6 64.73
108 1 10.39
108 2 22.01
108 3 32.88
108 4 43.71
108 5 53.99
108 6 64.32
10 1 11.52
10 2 29.16
10 3 48.14
10 4 67.86
10 5 87.05
10 6 105.37
119 1 15.22
119 2 26.28
119 3 37.04
119 4 47.99
119 5 58.55
119 6 69.28
12 1 9.6
12 2 19.55
12 3 29.5
12 4 39.27
12 5 49.14
12 6 58.71
130 1 5.21
130 2 14.69
130 3 24.38
130 4 33.73
130 5 43.26
130 6 52.98
135 1 8
135 2 21.36
135 3 34.5
135 4 46.86
135 5 59.41
135 6 71.86
142 1 8.25
142 2 18.97
142 3 29.32
142 4 39.29
142 5 49.48
142 6 59.53
144 1 10.66
144 2 18.6
144 3 26.59
144 4 35.5
144 5 44.51
144 6 53.59
145 1 9.35
145 2 21.12
145 3 31.98
145 4 42.81
145 5 53.61
145 6 64.39
149 1 9.27
149 2 18.98
149 3 29.3
149 4 39.46
149 5 49.74
149 6 60.06
14 1 8.85
14 2 21.15
14 3 32.75
14 4 44.74
14 5 56.14
14 6 67.61
150 1 11.07
150 2 20.76
150 3 32.06
150 4 43.2
150 5 54.02
150 6 64.78
15 1 10.38
15 2 22.14
15 3 33.53
15 4 44.51
15 5 55.6
15 6 66.06
19 1 5.05
19 2 16.62
19 3 28.27
19 4 39.51
19 5 50.78
19 6 61.43
20 1 9.95
20 2 20.8
20 3 31.39
20 4 41.49
20 5 51.73
20 6 61.93
24 1 5.31
24 2 13.61
24 3 21.94
24 4 30.75
24 5 39.7
24 6 48.94
28 1 1249
30 1 6.57
30 2 16.73
30 3 -1212
30 4 36.47
30 5 45.88
30 6 55.39
47 1 8.41
47 2 16.82
47 3 26.4
47 4 36.49
47 5 47.17
47 6 57.84
57 1 12.36
57 2 24.12
57 3 35.35
57 4 46.57
57 5 57.42
57 6 68.21
61 1 4.48
61 2 13.43
61 3 22.56
61 4 31.4
61 5 40.42
61 6 49.63
66 1 9.55
66 2 20.44
66 3 31
66 4 41.38
66 5 51.53
66 6 62.01
73 1 11.42
73 2 25.13
73 3 38.54
73 4 51.88
73 5 64.56
73 6 77
74 1 7.96
74 2 20.04
74 3 31.83
74 4 43.72
74 5 55.14
74 6 66.31
75 1 9.38
75 2 20.52
75 3 31.59
75 4 41.72
75 5 52.43
75 6 62.55
77 1 10.26
77 2 60.69
77 3 30.71
77 4 40.89
77 5 51.18
77 6 61.12
78 1 14.01
78 2 7.06
78 3 35.82
78 4 46.57
78 5 57.73
78 6 68.65
80 1 9.04
80 2 20.83
80 3 32.62
80 4 44.29
80 5 55.38
80 6 66.21
82 1 2.38
82 2 7.4
82 3 12.46
82 4 17.39
82 5 22.35
82 6 27.1
83 1 6.86
83 2 17.02
83 3 26.43
83 4 35.75
83 5 45.65
83 6 55.21
89 1 6.4
89 2 17.37
89 3 27.59
89 4 37.9
89 5 48.21
89 6 57.98
