        0
0  0  0  13.8  5.62850
0  0  1  -7.59999  4.595650
0  0  2  -23.2  8.293770
0  1  0  11.8  2.761630
0  1  1  -21.7  3.221290
0  1  2  -28.2  3.063770
1  0  0  18  4.315860
1  0  1  -0.2  4.949070
1  0  2  -12.8  2.132290
1  1  0  22.5  3.546370
1  1  1  -9.6  1.876170
1  1  2  -20.5  1.567380
2  0  0  14.8  6.257790
2  0  1  -16.6  3.592580
2  0  2  -29.9  3.12890
2  1  0  6  4.247350
2  1  1  -25.4  7.174960
2  1  2  -36.2  4.829080
3  0  0  14.6  2.026490
3  0  1  -7.4  8.589140
3  0  2  -14.9  7.059040
3  1  0  21.2  7.996670
3  1  1  -10.4  4.515160
3  1  2  -16.5  6.652570
4  0  0  14.7  2.444720
4  0  1  -3.6  3.998330
4  0  2  -20.8  3.249620
4  1  0  25.2  5.123790
4  1  1  -3  2.422120
4  1  2  -17.7  4.764110
5  0  0  15.2  5.706140
5  0  1  -8.00001  2.422120
5  0  2  -20.6  7.356630
5  1  0  24.1  2.833720
5  1  1  -1.00001  3.38230
5  1  2  -15.9  5.572850
6  0  0  6.5  3.398530
6  0  1  -10.6  6.127530
6  0  2  -23.6  5.32040
6  1  0  18.1  5.638260
6  1  1  -10.7  3.844040
6  1  2  -27  5.03720
