-9.900000	-1.130781	2.377113	-2.455189
-9.800000	1.313674	0.469649	1.744732
-9.700000	-1.131029	1.949961	0.237797
-9.600000	-2.071700	2.193943	2.026810
-9.500000	3.940017	3.519096	0.207219
-9.400000	-2.680507	-1.619934	-0.613630
-9.300000	0.514319	4.625016	0.106731
-9.200000	-0.296912	-1.027853	2.035578
-9.100000	-0.120750	0.552936	-1.978205
-9.000000	2.171979	0.895392	3.263585
-8.900000	0.335543	-2.450049	-0.745628
-8.800000	0.495989	1.887617	-1.922154
-8.700000	1.699354	0.073331	1.426800
-8.600000	-0.466575	0.205743	3.078402
-8.500000	-1.006170	-1.169341	-2.388185
-8.400000	1.685031	-0.947554	-1.573324
-8.300000	0.369290	1.665840	-0.416528
-8.200000	-0.133041	3.127852	-1.259912
-8.100000	-2.337604	0.649944	1.167041
-8.000000	2.026242	-1.866168	1.457498
-7.900000	0.816648	-2.078608	-0.589326
-7.800000	2.249412	-1.874593	-0.327771
-7.700000	-4.073987	1.417218	1.645117
-7.600000	-1.013139	0.397681	2.927581
-7.500000	-1.831133	-2.371923	0.163885
-7.400000	0.743211	-0.699489	-3.462306
-7.300000	1.136961	-1.357460	-2.220364
-7.200000	-0.553753	-0.119782	-2.563324
-7.100000	0.636068	3.161701	4.415665
-7.000000	-0.135082	-0.724404	2.841191
-6.900000	-1.723763	-1.206242	-0.750674
-6.800000	2.775231	-2.666249	-3.628589
-6.700000	-0.507394	3.147468	0.087165
-6.600000	0.444408	-0.519684	-3.095427
-6.500000	2.603738	0.137917	1.855823
-6.400000	-1.304587	1.123211	3.452834
-6.300000	0.874351	3.747786	2.319572
-6.200000	1.234695	2.891958	0.312162
-6.100000	0.345054	1.834998	0.127846
-6.000000	3.100321	0.670745	0.306447
-5.900000	4.969115	3.144437	3.019673
-5.800000	4.338979	2.610058	2.452310
-5.700000	1.024676	2.151652	4.672522
-5.600000	5.093477	5.243578	4.519622
-5.500000	1.338492	4.653601	4.546323
-5.400000	2.364286	1.439077	4.920987
-5.300000	7.131842	4.847618	4.903907
-5.200000	8.154879	8.500521	8.256954
-5.100000	6.814093	6.589831	7.342879
-5.000000	8.508488	7.752036	9.533584
-4.900000	8.840989	9.299495	13.563118
-4.800000	10.505445	10.754318	11.739885
-4.700000	11.915352	13.693354	12.870106
-4.600000	12.672951	13.436418	16.224038
-4.500000	16.429662	15.128499	13.505999
-4.400000	14.372893	19.532444	19.710677
-4.300000	22.188730	22.260245	23.122257
-4.200000	24.545482	24.746388	24.929333
-4.100000	24.777198	27.320983	27.908308
-4.000000	28.812493	33.904487	32.161971
-3.900000	31.539370	32.653676	35.445030
-3.800000	36.573063	36.640929	38.448235
-3.700000	39.937630	37.800041	42.946591
-3.600000	45.862773	46.854590	45.811133
-3.500000	48.361584	47.218629	50.478243
-3.400000	52.892830	56.792929	55.913178
-3.300000	55.631628	57.323446	61.947300
-3.200000	64.794585	65.480973	67.298648
-3.100000	67.171378	68.876066	71.829311
-3.000000	72.427653	74.900439	77.914087
-2.900000	79.995754	80.631318	86.168787
-2.800000	85.216580	90.446624	92.407440
-2.700000	90.800236	100.598239	101.627511
-2.600000	96.042162	106.022042	111.170709
-2.500000	106.121881	112.585586	116.487676
-2.400000	113.822189	121.559901	124.170050
-2.300000	123.081139	129.891858	132.437200
-2.200000	133.417654	138.084935	144.174179
-2.100000	141.630125	149.303526	152.830403
-2.000000	148.813760	157.207635	160.952509
-1.900000	158.374145	164.442991	169.764407
-1.800000	163.310303	175.400587	178.639637
-1.700000	172.998503	181.526191	189.064019
-1.600000	174.765658	189.705663	198.193338
-1.500000	182.760348	194.525931	205.547957
-1.400000	192.298379	204.822656	208.166534
-1.300000	197.606535	209.619604	214.865860
-1.200000	203.040430	214.780105	221.973393
-1.100000	210.956567	222.759683	229.397472
-1.000000	220.779107	228.928353	236.123460
-0.900000	220.868850	237.537127	241.327719
-0.800000	227.065288	239.418965	248.238528
-0.700000	232.594980	247.754266	257.607602
-0.600000	240.934961	255.532222	259.353800
-0.500000	245.433700	259.985057	267.773372
-0.400000	251.558929	266.089907	271.794460
-0.300000	254.601831	268.963773	280.528986
-0.200000	260.504533	279.166281	282.070025
-0.100000	261.285942	279.673807	282.391882
-0.000000	266.739687	278.767753	288.485089
0.100000	267.695764	279.969569	288.101894
0.200000	263.247027	280.276014	288.092911
0.300000	262.123627	277.116518	286.641794
0.400000	259.195014	272.930266	280.661749
0.500000	255.102319	268.069894	277.819515
0.600000	253.673311	267.258026	272.733759
0.700000	245.904169	260.507480	268.317129
0.800000	239.041608	253.551344	259.182736
0.900000	232.984597	249.915004	257.639824
1.000000	228.211075	244.095006	250.852640
1.100000	225.137491	234.544825	242.429170
1.200000	219.896574	231.233719	234.864120
1.300000	210.534021	223.404523	229.378760
1.400000	201.586184	216.674459	223.914357
1.500000	202.416632	209.603619	218.637125
1.600000	195.540995	206.424510	210.927480
1.700000	188.192957	200.627429	204.264447
1.800000	180.049384	188.055746	194.030529
1.900000	171.383713	181.635834	192.096411
2.000000	165.206683	173.566394	176.188730
2.100000	157.164107	164.317071	172.677975
2.200000	147.939245	157.120917	160.441398
2.300000	139.686651	146.858968	149.885961
2.400000	132.957245	137.948869	138.402929
2.500000	121.562662	126.455830	133.613238
2.600000	114.461004	119.672677	125.497137
2.700000	107.437731	112.141343	114.738459
2.800000	96.036212	104.836129	109.706775
2.900000	90.896323	96.497408	102.033147
3.000000	86.174786	87.614233	92.225620
3.100000	77.551331	84.637130	85.561977
3.200000	71.574340	75.025673	75.452705
3.300000	67.706271	69.158782	73.747152
3.400000	62.211586	62.693947	66.702051
3.500000	54.534946	61.319411	61.461373
3.600000	49.183119	53.215790	55.557935
3.700000	48.172318	48.268457	53.000611
3.800000	43.627719	46.478683	48.257287
3.900000	40.158652	45.528074	41.658052
4.000000	35.860229	37.454586	37.697065
4.100000	35.369531	32.402783	37.632729
4.200000	28.298121	31.828537	29.903569
4.300000	24.737332	28.475952	25.774702
4.400000	24.423975	24.539684	26.205754
4.500000	20.176270	22.234293	23.681569
4.600000	19.783045	21.775408	19.701491
4.700000	14.949888	13.263447	14.776111
4.800000	14.637364	18.182312	13.415808
4.900000	11.584285	12.362506	15.564104
5.000000	10.071617	14.152603	13.526057
5.100000	8.701113	10.293369	12.622349
5.200000	10.751074	10.035033	11.276782
5.300000	7.168738	6.129509	8.929042
5.400000	4.343864	4.271752	8.596101
5.500000	2.044000	5.209868	7.360718
5.600000	2.724491	6.571354	9.516872
5.700000	1.667054	5.430002	1.887614
5.800000	2.420858	4.646045	3.678252
5.900000	1.995674	1.738978	4.731174
6.000000	3.254433	4.674009	3.699641
6.100000	0.286337	2.008999	2.977776
6.200000	0.147588	1.872348	2.378847
6.300000	-0.398520	1.118603	2.026788
6.400000	-0.153071	0.703517	3.242356
6.500000	0.687973	1.201780	-0.479497
6.600000	1.055355	-1.075618	1.701944
6.700000	-0.781306	0.675960	1.211528
6.800000	-2.372003	3.845365	2.396946
6.900000	1.544304	2.661258	0.863352
7.000000	1.899032	-0.744532	3.464213
7.100000	2.151632	-2.083201	-2.222771
7.200000	-0.330672	0.642873	4.618787
7.300000	-0.113334	-2.166751	0.532155
7.400000	0.447667	0.043951	1.657809
7.500000	0.208109	1.965510	-1.113487
7.600000	2.401348	0.907702	2.148341
7.700000	0.485026	-1.953508	0.186096
7.800000	-1.844595	2.431922	0.564879
7.900000	-0.072470	3.803541	2.352020
8.000000	-0.283077	0.877206	0.395305
8.100000	0.801527	0.348826	0.814531
8.200000	-2.454558	0.480014	0.248606
8.300000	-0.141427	-0.873796	-0.642757
8.400000	2.002895	3.398566	-0.677857
8.500000	-0.693041	1.558849	1.462767
8.600000	-0.958540	-1.949693	0.442385
8.700000	-0.809110	-1.881371	1.191482
8.800000	-0.323267	1.124999	1.544159
8.900000	-1.844745	0.756740	3.763705
9.000000	1.352565	1.164731	0.146372
9.100000	2.189131	-1.081497	-1.346148
9.200000	0.418845	0.639960	-1.813264
9.300000	1.863873	-0.828661	-1.134007
9.400000	-2.885311	-0.504794	1.479751
9.500000	-0.308794	1.271254	1.120583
9.600000	3.375690	1.802844	0.493721
9.700000	-3.128121	-0.163195	-2.168501
9.800000	-1.229416	-2.311399	-1.342503
9.900000	2.170055	0.540204	0.467360
10.000000	0.932766	2.481694	-1.075943
