-9.900000	-0.152000	-1.018922	1.786516
-9.800000	-0.129545	0.320567	-0.632848
-9.700000	-1.247378	-2.626562	-0.985641
-9.600000	1.920369	-0.144226	3.237456
-9.500000	0.478791	-2.389155	-3.360288
-9.400000	-0.492862	0.166352	-1.041377
-9.300000	-1.696354	0.977848	0.727518
-9.200000	1.206026	2.578224	-0.028855
-9.100000	0.765795	0.407210	-0.895126
-9.000000	1.650349	1.839204	1.409370
-8.900000	-2.176349	0.582241	-0.857114
-8.800000	0.830243	1.385455	-0.692611
-8.700000	-1.153706	1.334896	0.951083
-8.600000	0.522063	-1.958664	-0.667985
-8.500000	-1.122947	-0.057575	-2.530022
-8.400000	1.636201	1.745414	-4.236862
-8.300000	-0.843059	-0.121370	0.534280
-8.200000	-1.467512	0.672045	2.098155
-8.100000	0.359150	-1.590664	2.242771
-8.000000	0.161682	-0.231333	0.145237
-7.900000	1.173059	0.303154	3.790568
-7.800000	0.576104	1.508553	-1.444478
-7.700000	-0.947661	-0.415271	-0.270320
-7.600000	4.731414	-1.192874	-2.734251
-7.500000	0.793609	-1.263793	1.668185
-7.400000	0.644778	-1.776607	-0.323439
-7.300000	1.772510	1.290205	-0.042635
-7.200000	-1.416949	1.886932	0.927168
-7.100000	-0.167485	-1.819132	3.786676
-7.000000	2.387175	0.632749	2.730879
-6.900000	1.133155	2.765270	-2.793444
-6.800000	1.967496	2.757786	-1.402773
-6.700000	0.302708	0.321863	3.399937
-6.600000	2.358553	2.119221	-2.015137
-6.500000	0.638200	0.877067	5.668300
-6.400000	1.033895	1.703287	-2.577567
-6.300000	1.608715	1.961959	4.928529
-6.200000	2.694066	2.278980	-1.369702
-6.100000	3.180500	2.560859	3.068156
-6.000000	2.013785	1.874030	4.878330
-5.900000	5.957431	3.668793	4.993511
-5.800000	3.151210	2.498408	9.472178
-5.700000	5.843598	6.513747	2.285857
-5.600000	4.992543	3.680297	5.790047
-5.500000	5.187031	6.267179	6.953907
-5.400000	8.538962	8.401079	8.478512
-5.300000	8.299341	8.872669	9.425318
-5.200000	11.450977	9.676925	8.137640
-5.100000	11.276260	12.015213	13.476576
-5.000000	13.494762	12.006015	11.752535
-4.900000	12.939828	17.003844	15.142410
-4.800000	14.344889	19.872155	15.750511
-4.700000	21.945989	22.073424	21.026690
-4.600000	21.909873	24.074043	22.114554
-4.500000	24.109434	23.713870	27.189635
-4.400000	29.469892	29.226847	29.235725
-4.300000	30.633553	31.917554	34.686534
-4.200000	33.248631	38.628493	37.234883
-4.100000	42.484695	41.552752	45.299237
-4.000000	46.732488	45.948476	49.283057
-3.900000	50.062464	52.071549	51.512946
-3.800000	56.664183	57.847517	57.509165
-3.700000	62.086870	65.242400	66.916484
-3.600000	67.642815	68.795783	74.377258
-3.500000	73.971236	75.224013	76.505543
-3.400000	84.373313	82.992306	86.075550
-3.300000	88.832200	90.994685	93.142529
-3.200000	91.014208	97.382922	100.404188
-3.100000	101.991658	103.845047	107.297400
-3.000000	112.178634	115.387777	117.801815
-2.900000	120.827151	123.767379	129.683586
-2.800000	129.657334	136.674814	140.483312
-2.700000	141.182076	142.608933	150.729346
-2.600000	154.516894	156.718458	158.514304
-2.500000	165.305291	169.476127	173.352379
-2.400000	179.605042	180.982503	184.931571
-2.300000	190.229205	194.500498	203.019291
-2.200000	204.908047	208.549448	216.801878
-2.100000	217.826617	227.516339	231.332747
-2.000000	227.141069	234.358396	244.531503
-1.900000	244.878792	248.664399	255.347025
-1.800000	259.172962	261.469900	270.568876
-1.700000	268.173828	271.347985	280.098277
-1.600000	278.460040	286.408653	293.778986
-1.500000	294.423406	295.918712	304.648284
-1.400000	300.714112	307.049407	315.148278
-1.300000	310.401739	315.244124	327.599475
-1.200000	318.940910	328.784728	336.329698
-1.100000	327.317294	334.359740	344.542948
-1.000000	334.240437	344.563174	356.188272
-0.900000	346.996097	353.964765	364.878733
-0.800000	357.659207	359.738808	372.549008
-0.700000	367.894033	374.234811	387.676261
-0.600000	375.799807	381.210163	397.175568
-0.500000	384.407275	392.795415	403.712419
-0.400000	394.582462	402.798191	412.335837
-0.300000	402.436584	407.400963	420.813145
-0.200000	404.893107	413.751915	426.432303
-0.100000	410.442805	416.142267	428.269788
-0.000000	416.557433	421.284355	431.009872
0.100000	415.465970	421.852578	434.090783
0.200000	411.782038	418.400326	434.602037
0.300000	409.062726	418.036543	429.615503
0.400000	402.775624	408.894254	425.164465
0.500000	398.950359	405.161736	416.872220
0.600000	389.854977	397.120118	409.269581
0.700000	383.182771	387.841270	403.381914
0.800000	374.468346	381.172580	395.162486
0.900000	364.307310	370.668330	386.551349
1.000000	356.117636	364.043795	377.508672
1.100000	351.227129	357.922395	364.157363
1.200000	341.740854	344.320076	354.217613
1.300000	331.214837	334.890246	347.707028
1.400000	318.577511	327.299688	335.068603
1.500000	312.234089	319.743480	326.276837
1.600000	303.888065	308.749464	316.348718
1.700000	292.122381	298.280775	305.960980
1.800000	281.258570	288.421935	295.518032
1.900000	270.395246	274.374242	283.600707
2.000000	257.763256	258.558335	268.921679
2.100000	245.579048	249.370224	257.028471
2.200000	230.335485	237.917562	243.476052
2.300000	218.713227	220.307852	229.693553
2.400000	202.937029	208.623688	214.278855
2.500000	189.981110	193.014870	199.849326
2.600000	176.410263	179.855309	186.082320
2.700000	166.606287	168.819003	173.192445
2.800000	149.063864	154.694392	162.960191
2.900000	143.962075	145.211653	148.925707
3.000000	131.540496	131.497453	137.464951
3.100000	123.635991	122.903621	128.731159
3.200000	114.393062	111.906504	116.681297
3.300000	103.976857	105.472628	110.268217
3.400000	96.516859	96.845585	103.921301
3.500000	87.761343	90.945469	91.890405
3.600000	80.600948	84.373559	87.504062
3.700000	75.667508	74.214264	78.486328
3.800000	67.337003	72.699098	71.118008
3.900000	63.815805	60.881486	64.249626
4.000000	58.986579	59.043471	60.781499
4.100000	49.389074	51.938535	52.557904
4.200000	42.702018	47.004433	47.727691
4.300000	43.162997	45.273879	40.915120
4.400000	35.076358	37.710938	40.618135
4.500000	35.770523	32.204020	32.994440
4.600000	29.145387	25.071845	27.781886
4.700000	20.842554	25.152408	28.855605
4.800000	22.576685	19.806939	25.450630
4.900000	20.743953	20.593480	20.876160
5.000000	16.616639	17.778448	18.250808
5.100000	16.430114	11.997812	13.721819
5.200000	9.650586	13.767290	12.407843
5.300000	12.925435	12.767161	13.272416
5.400000	10.415425	10.097050	10.910701
5.500000	8.743724	10.780241	9.270612
5.600000	7.582058	6.949588	7.029686
5.700000	9.802783	5.324306	6.563200
5.800000	5.883827	5.567830	6.251602
5.900000	4.449755	6.404923	3.120422
6.000000	2.595053	7.178561	4.892539
6.100000	1.796995	2.671428	3.455409
6.200000	5.062578	4.035653	1.870478
6.300000	3.204402	3.360371	4.345310
6.400000	-3.042500	2.670363	1.508186
6.500000	3.375029	0.964453	1.760737
6.600000	1.835667	2.308616	3.072503
6.700000	2.175591	0.517744	0.050856
6.800000	1.256929	3.110779	2.900031
6.900000	2.647805	-0.127529	3.048425
7.000000	1.203391	1.474632	2.433304
7.100000	0.431932	1.070038	2.026641
7.200000	0.842077	0.094525	-1.919886
7.300000	-0.694347	2.238630	-2.413624
7.400000	-0.717870	-1.921285	2.433464
7.500000	0.194977	2.064284	1.951029
7.600000	-0.370629	-3.556597	2.028516
7.700000	-0.329894	1.661268	0.132222
7.800000	1.311032	5.345140	0.507621
7.900000	1.603042	1.780280	2.193704
8.000000	-2.007907	1.235015	-1.571317
8.100000	2.605439	-0.670203	1.821071
8.200000	-0.645095	1.643635	-0.955155
8.300000	-1.772206	1.327449	-0.183313
8.400000	-2.161218	2.148741	2.383693
8.500000	0.717556	0.132814	-1.186368
8.600000	0.857443	-0.072510	-0.207645
8.700000	0.764103	-1.759250	0.215682
8.800000	-1.970023	-0.883220	-2.040589
8.900000	0.111664	1.491820	0.074266
9.000000	1.788070	-2.605701	-1.215301
9.100000	-1.783626	-2.638821	-0.347081
9.200000	-1.953728	-3.137990	2.129472
9.300000	-0.708160	0.596382	0.173611
9.400000	-0.310507	1.178526	2.409628
9.500000	1.835849	-1.841815	-1.112603
9.600000	1.336859	-1.479061	-0.573926
9.700000	0.830347	-0.282056	-1.302560
9.800000	3.908031	3.676005	-0.436087
9.900000	2.899642	0.113802	-0.343005
10.000000	0.958964	0.387115	1.121944
