-9.900000	-0.302944	-0.827848	1.858916	0.518128	-3.010912	2.021387	0.555671	10.000000 
-9.800000	-0.374441	1.688102	1.262979	-0.793413	0.367654	0.243707	1.377015	10.000000 
-9.700000	-0.205647	-0.925399	2.000251	-0.050390	-0.809608	0.615348	1.047329	10.000000 
-9.600000	1.179278	-3.250998	1.434396	0.759426	0.689740	-2.378481	1.336979	10.000000 
-9.500000	2.161517	1.778476	2.206827	1.312122	-0.301185	0.041918	0.508295	10.000000 
-9.400000	-2.073120	-0.607416	0.200810	-1.820922	-1.237148	2.626507	0.623385	10.000000 
-9.300000	0.209921	0.304361	1.068084	3.556712	0.941814	-0.988648	-0.835247	10.000000 
-9.200000	-0.122122	-0.174836	-2.020982	0.992856	1.054345	-0.063963	0.981029	10.000000 
-9.100000	-0.324966	0.204159	0.299462	0.253133	-0.814174	1.616477	-1.164286	10.000000 
-9.000000	1.245644	0.926264	2.070049	-1.175085	1.384276	0.228604	1.878988	10.000000 
-8.900000	-0.226481	0.561934	-1.472722	-0.977871	0.027651	-1.915915	-0.773686	10.000000 
-8.800000	1.365030	-0.869156	1.377120	0.509803	-1.440294	2.990994	-0.482379	10.000000 
-8.700000	0.181326	1.517880	-0.786776	0.859219	2.373366	1.304840	-0.947232	10.000000 
-8.600000	0.206713	-0.673478	0.150372	0.054233	1.091283	-1.340587	1.986266	10.000000 
-8.500000	-2.705029	1.698616	-1.352841	0.182040	-1.724942	0.962099	-0.664338	10.000000 
-8.400000	0.872607	0.812113	0.505019	-1.454442	-0.269045	0.059597	-1.305681	10.000000 
-8.300000	-0.356714	0.725608	0.660923	1.002536	-1.274756	-0.021830	0.856443	10.000000 
-8.200000	0.518482	-0.652026	1.332703	1.792135	-0.792813	-0.747550	-0.469359	10.000000 
-8.100000	-1.882224	-0.456011	0.541413	0.104743	0.955492	1.111140	0.208709	10.000000 
-8.000000	0.027296	1.998159	-1.315198	-0.555688	1.235291	-1.374265	0.218668	10.000000 
-7.900000	0.332290	0.483386	-1.459228	-0.625208	-2.543954	-1.010799	1.950257	10.000000 
-7.800000	-1.472039	3.720261	-0.052728	-1.829007	-0.167943	0.414441	-0.165184	10.000000 
-7.700000	-2.249919	-1.825516	1.056179	0.352350	0.350285	0.007550	1.288315	10.000000 
-7.600000	-0.149549	-0.865342	0.064510	0.322660	1.394579	0.601860	1.525118	10.000000 
-7.500000	0.464822	-2.298065	-2.310879	-0.073707	0.408184	-1.897241	-0.253797	10.000000 
-7.400000	1.102354	-0.361679	-0.408108	-0.306596	-0.893718	0.978211	-2.580000	10.000000 
-7.300000	1.108097	0.025821	0.158706	-1.534425	0.001251	-0.266280	-2.235309	10.000000 
-7.200000	0.293674	-0.851078	-0.193897	0.052208	-0.476228	0.645053	-2.103525	10.000000 
-7.100000	-0.775925	1.407609	1.472765	1.662636	2.938115	-0.740320	1.457825	10.000000 
-7.000000	-0.291565	0.151214	-1.234265	0.478252	0.718560	-1.838825	2.098925	10.000000 
-6.900000	-1.976379	0.246277	0.550322	-1.794597	-1.233861	-0.098595	0.454661	10.000000 
-6.800000	2.490397	0.277198	-1.856354	-0.855706	-0.949063	0.896088	-2.713885	10.000000 
-6.700000	-0.977051	0.460456	0.522309	2.569952	-0.825738	0.912592	0.871497	10.000000 
-6.600000	-0.203728	0.637050	-0.405851	-0.180346	0.145583	0.200759	-3.290894	10.000000 
-6.500000	0.652000	1.938398	0.541212	-0.483337	2.054392	-0.273490	-0.258600	10.000000 
-6.400000	-0.759170	-0.561435	0.286024	0.741079	1.202041	2.155771	2.178713	10.000000 
-6.300000	-1.204037	2.059218	0.682704	2.950061	2.472288	0.511742	-0.238982	10.000000 
-6.200000	0.698994	0.512856	1.760060	0.994828	-1.446532	0.484063	1.655892	10.000000 
-6.100000	-0.341711	0.659679	1.529300	0.143182	0.187500	-0.172775	-0.181541	10.000000 
-6.000000	-0.775795	3.844182	-0.143846	0.622985	1.630949	2.569447	-1.468206	10.000000 
-5.900000	2.932334	1.999351	2.533921	0.385933	2.424546	1.309021	0.426689	10.000000 
-5.800000	3.555323	0.740034	0.230714	2.117612	1.036576	2.953064	1.219435	10.000000 
-5.700000	0.939933	0.034175	1.215145	0.633094	0.466061	2.360220	3.978901	10.000000 
-5.600000	2.368572	2.666553	2.853217	2.040248	2.060783	1.064405	2.196255	10.000000 
-5.500000	1.616897	-0.345486	3.169858	1.081261	0.697463	3.584118	3.546999	10.000000 
-5.400000	2.075320	0.212072	1.614660	-0.636951	2.265603	2.735391	2.309358	10.000000 
-5.300000	3.969281	3.074590	1.883960	2.435830	1.473590	1.839844	3.034445	10.000000 
-5.200000	3.736362	4.317994	4.935222	2.962157	4.528339	3.058363	3.276259	10.000000 
-5.100000	3.209003	3.490292	2.647398	3.253641	4.534383	2.095162	2.291902	10.000000 
-5.000000	5.304809	3.072604	4.726679	2.238907	4.769098	3.592329	4.174648	10.000000 
-4.900000	3.882668	4.808666	3.488421	4.913146	6.887540	4.229417	6.002131	10.000000 
-4.800000	7.189209	3.145385	4.693009	5.036205	5.145446	4.247896	5.825610	10.000000 
-4.700000	5.696857	6.023523	7.262190	5.261329	4.669867	7.273530	7.322863	10.000000 
-4.600000	6.110838	6.339809	5.757655	6.344933	8.014833	7.984395	7.208832	10.000000 
-4.500000	8.412051	7.764527	7.058248	6.551746	6.032239	8.533099	6.334881	10.000000 
-4.400000	7.011408	7.074011	8.564680	9.242920	9.598354	9.410185	8.818689	10.000000 
-4.300000	10.959637	10.903548	9.550987	10.755985	10.539127	11.047359	11.118176	10.000000 
-4.200000	12.800489	11.377725	12.623144	9.919632	10.977515	9.986765	12.299109	10.000000 
-4.100000	12.727925	11.636753	13.473433	11.372428	11.942780	14.909602	14.109186	10.000000 
-4.000000	13.095154	15.256227	15.895827	15.241991	15.510686	14.029130	14.576282	10.000000 
-3.900000	14.534330	16.492207	15.768256	13.808422	16.390009	16.111502	16.747273	10.000000 
-3.800000	18.531153	17.474398	17.638279	15.597581	18.725837	17.691564	17.168596	10.000000 
-3.700000	18.842697	20.469864	18.294314	15.755315	19.829007	19.477602	20.304775	10.000000 
-3.600000	22.218357	22.958851	22.233147	20.508052	21.574925	22.308320	21.151165	10.000000 
-3.500000	23.949965	23.662392	22.698539	20.024720	21.227372	24.642521	25.879344	10.000000 
-3.400000	25.362457	26.713919	26.332249	25.561959	25.399381	26.833833	26.839756	10.000000 
-3.300000	26.372618	28.371227	28.169453	23.827290	29.132710	29.589030	28.819563	10.000000 
-3.200000	30.868161	32.962553	31.760844	27.936907	30.311319	32.933767	32.649912	10.000000 
-3.100000	32.958807	33.167154	33.447641	29.155924	33.150995	33.971395	33.973939	10.000000 
-3.000000	35.884506	35.410033	35.408042	32.693714	37.539943	37.374728	35.275131	10.000000 
-2.900000	36.927959	41.840234	37.774438	35.491508	40.417934	38.967991	40.226825	10.000000 
-2.800000	40.247407	43.639984	41.259433	41.212053	43.504483	43.682876	42.921604	10.000000 
-2.700000	42.766481	46.595588	47.891309	44.077930	47.295728	45.003622	47.860033	10.000000 
-2.600000	45.959180	48.528661	51.267981	45.428134	52.354494	50.695290	51.821771	10.000000 
-2.500000	50.239440	54.205371	54.054668	48.468500	53.212017	53.643021	55.728845	10.000000 
-2.400000	54.902525	57.114282	58.261631	52.465979	55.695549	58.293737	60.350283	10.000000 
-2.300000	59.168208	61.975142	60.598392	57.666727	61.543801	62.192976	62.173345	10.000000 
-2.200000	64.442279	66.902910	65.944440	59.705701	66.540612	65.973726	68.307471	10.000000 
-2.100000	69.373897	70.048862	69.251746	66.807585	71.386248	68.811619	71.511009	10.000000 
-2.000000	71.459185	75.014142	73.461481	69.703559	74.608408	74.775925	75.812155	10.000000 
-1.900000	75.613369	80.290952	75.862656	73.761391	78.650830	76.367165	79.999369	10.000000 
-1.800000	78.386338	82.329836	81.180267	78.655546	83.600554	80.549997	83.365503	10.000000 
-1.700000	83.362852	86.923130	85.283229	79.967837	87.062580	88.854152	89.795095	10.000000 
-1.600000	84.273479	87.667358	88.692270	84.064468	91.957689	92.442268	93.523956	10.000000 
-1.500000	88.576921	91.251964	91.226688	85.710465	93.646958	91.901599	98.709415	10.000000 
-1.400000	91.167142	98.097868	94.944348	91.678091	93.783322	97.138316	100.733049	10.000000 
-1.300000	94.383546	100.091221	99.936644	90.892352	101.048981	100.086675	99.723922	10.000000 
-1.200000	97.139068	102.673381	100.955099	94.457122	104.329926	101.566848	103.117554	10.000000 
-1.100000	102.203297	105.430055	104.180704	98.639683	106.294799	106.662702	108.148201	10.000000 
-1.000000	105.916915	111.443815	107.512139	100.905948	108.182788	107.317973	112.557973	10.000000 
-0.900000	105.806279	111.548667	112.115549	104.338150	111.000401	113.322150	114.514747	10.000000 
-0.800000	110.039028	113.416612	111.884501	105.876569	114.531944	115.966211	117.463162	10.000000 
-0.700000	109.988921	118.901265	115.852910	109.672587	118.168908	119.528190	122.767117	10.000000 
-0.600000	115.907824	121.229308	120.502881	112.242365	120.524057	121.614370	121.739511	10.000000 
-0.500000	118.268952	123.278165	121.556903	115.108659	123.767983	124.934992	126.515768	10.000000 
-0.400000	120.545618	127.044966	126.203763	116.076073	125.990101	124.668252	127.946807	10.000000 
-0.300000	121.690162	128.871594	126.474071	118.249251	128.405294	128.778174	133.943354	10.000000 
-0.200000	124.200329	132.205515	132.359962	122.214191	131.668505	132.815623	131.957424	10.000000 
-0.100000	123.988576	133.155964	131.861347	122.964046	130.429899	131.661180	133.325672	10.000000 
-0.000000	128.118301	134.455297	131.294148	122.477075	135.524312	133.231868	134.213379	10.000000 
0.100000	129.538403	133.985801	131.410088	123.530122	133.490983	135.156388	135.838891	10.000000 
0.200000	125.595626	133.493660	131.079765	124.249804	134.293052	133.278262	135.090026	10.000000 
0.300000	125.563382	132.434572	130.757885	121.604592	133.392978	129.027525	134.683285	10.000000 
0.400000	123.753445	131.364206	129.693245	118.772842	130.747281	131.940680	131.566333	10.000000 
0.500000	123.060040	128.026780	125.557614	118.419292	129.062101	129.877233	130.687673	10.000000 
0.600000	122.040149	127.690061	126.464075	117.135347	127.910074	128.087088	127.079732	10.000000 
0.700000	117.662119	124.378866	122.966008	114.362367	126.141638	122.471875	124.791163	10.000000 
0.800000	115.092231	120.170923	120.542155	110.338465	120.309738	121.202455	121.869955	10.000000 
0.900000	112.115413	117.178091	117.115326	110.653122	120.194852	119.734609	120.835054	10.000000 
1.000000	109.845848	114.762594	114.500459	107.978753	116.520109	113.778058	118.120686	10.000000 
1.100000	105.978756	115.644830	109.784232	103.677165	111.934462	113.431701	114.682137	10.000000 
1.200000	106.118968	110.352544	108.235350	102.447993	108.963326	112.020515	110.488012	10.000000 
1.300000	99.943571	107.254797	104.545282	98.845323	107.606259	104.419501	106.762061	10.000000 
1.400000	96.495280	101.846167	101.513292	95.692745	103.832480	105.527271	105.480560	10.000000 
1.500000	95.965432	103.300151	98.225896	92.471425	102.256713	102.215346	102.200688	10.000000 
1.600000	94.614176	97.873625	96.503485	91.601864	97.356936	96.842034	99.831173	10.000000 
1.700000	90.342610	94.900491	94.360712	88.567580	93.923794	94.908641	97.066300	10.000000 
1.800000	86.830576	90.378778	88.584487	82.431076	89.951201	93.503225	91.299191	10.000000 
1.900000	82.447124	86.213377	85.610424	79.686136	89.796280	86.596203	90.045676	10.000000 
2.000000	78.944572	83.662575	81.128649	76.840527	81.574357	83.127121	82.916458	10.000000 
2.100000	76.416973	78.277310	77.060380	72.437748	80.373838	77.519861	81.189929	10.000000 
2.200000	72.365079	73.238643	73.993406	69.114371	75.140472	75.077196	74.791071	10.000000 
2.300000	68.237079	69.251017	68.658744	65.008897	69.319823	72.061721	70.672642	10.000000 
2.400000	64.122090	66.774067	65.055372	60.526968	64.405508	66.540617	64.722524	10.000000 
2.500000	57.953164	61.684196	60.276680	54.627336	61.245778	61.067384	63.703599	10.000000 
2.600000	54.477721	58.190115	57.181837	51.731832	57.771924	58.636532	59.655957	10.000000 
2.700000	51.599142	54.172299	52.345643	49.797959	52.684757	50.529302	54.555396	10.000000 
2.800000	46.215355	48.275036	48.810806	46.750399	51.329428	49.128388	51.421153	10.000000 
2.900000	44.005555	45.458327	45.310035	42.592726	47.125856	44.938041	48.461306	10.000000 
3.000000	42.304909	42.543481	41.924144	37.731711	41.686553	42.958832	44.570284	10.000000 
3.100000	37.663980	38.659789	39.840806	37.430953	41.804093	38.104633	38.233855	10.000000 
3.200000	35.218194	35.220614	33.804675	34.407806	34.559949	37.632490	35.782862	10.000000 
3.300000	32.197433	34.459130	32.749151	30.111384	34.455893	35.668253	34.567574	10.000000 
3.400000	28.958436	32.283764	28.484307	28.393320	30.231996	29.353001	32.107815	10.000000 
3.500000	24.395065	29.246038	28.557360	27.398993	28.434354	28.945992	29.004725	10.000000 
3.600000	22.475285	25.885432	23.395414	24.885965	25.652712	25.997299	26.204416	10.000000 
3.700000	23.947882	23.469938	21.478206	22.263258	24.292071	24.829636	25.313296	10.000000 
3.800000	20.797518	22.140474	22.042456	20.297863	22.015927	22.972819	23.137587	10.000000 
3.900000	18.599183	20.931606	21.569314	20.191586	20.157077	20.820047	18.675595	10.000000 
4.000000	17.993789	17.297579	17.321011	16.720413	17.631573	16.318189	17.505621	10.000000 
4.100000	16.283374	18.573325	14.719624	14.606162	16.937458	15.512109	18.387523	10.000000 
4.200000	11.793222	16.044902	14.557998	14.510556	11.838578	17.416864	15.995003	10.000000 
4.300000	11.820201	12.506516	14.833227	11.179041	12.913959	14.776226	11.012980	10.000000 
4.400000	10.731892	13.327160	11.877339	10.472807	13.170805	12.716480	11.392795	10.000000 
4.500000	10.489457	9.363719	10.430245	9.865486	10.363571	8.684902	11.864077	10.000000 
4.600000	9.257673	10.240181	10.207530	9.856734	8.531594	9.067165	9.886540	10.000000 
4.700000	6.512985	8.185738	6.179774	5.576683	6.391690	6.189288	7.254179	10.000000 
4.800000	7.353251	7.063250	7.859802	8.997331	6.003867	7.382900	6.418058	10.000000 
4.900000	5.257297	6.132941	4.773234	6.424992	7.898586	5.054967	6.792308	10.000000 
5.000000	5.559721	4.341476	8.517545	4.612539	7.130386	4.049176	5.628782	10.000000 
5.100000	4.187292	4.364166	5.246257	4.149183	5.387096	6.103330	6.561807	10.000000 
5.200000	5.826686	4.792973	7.218656	2.027884	5.598249	5.450999	5.087164	10.000000 
5.300000	4.279052	2.774310	1.517790	3.919459	3.568724	5.368558	4.841124	10.000000 
5.400000	1.689725	2.552904	1.649502	2.014839	5.023109	2.595650	3.117434	10.000000 
5.500000	3.808462	-1.853183	2.728784	1.948759	3.451194	3.172646	3.510281	10.000000 
5.600000	1.568847	1.078043	2.731988	3.373761	5.208230	3.232816	3.959439	10.000000 
5.700000	1.295586	0.303787	2.667696	2.356220	1.884652	1.608512	-0.301602	10.000000 
5.800000	2.798863	-0.436813	2.652419	1.640781	1.479466	2.221314	1.934153	10.000000 
5.900000	0.644295	1.300517	0.640593	0.793212	1.258028	0.228870	3.244266	10.000000 
6.000000	2.929982	0.280693	2.351214	2.060249	0.487820	1.004571	3.014910	10.000000 
6.100000	0.003355	0.245551	0.884620	0.899795	0.992889	0.937057	1.816450	10.000000 
6.200000	-0.176353	0.292110	0.867789	0.813571	1.117354	2.810048	1.118252	10.000000 
6.300000	-0.537608	0.112170	1.324787	-0.367690	0.360090	2.009566	1.545568	10.000000 
6.400000	0.649424	-0.825142	-0.534887	1.102521	0.803164	0.035209	2.337280	10.000000 
6.500000	-0.229665	0.898665	0.380858	0.707084	-0.546533	1.344638	-0.018342	10.000000 
6.600000	0.879107	0.160404	-0.935461	-0.235213	0.440673	2.646083	1.189979	10.000000 
6.700000	1.186776	-1.981282	0.385007	0.211754	-1.145430	0.985603	2.297559	10.000000 
6.800000	-0.391369	-1.991619	2.335864	1.443591	2.429451	-0.706349	-0.081937	10.000000 
6.900000	0.664071	0.871094	1.279645	1.326777	0.383549	1.575822	0.438676	10.000000 
7.000000	0.725810	1.165615	-1.099954	0.309776	2.597027	1.113599	0.832952	10.000000 
7.100000	1.349698	0.795595	-0.204284	-1.916952	-1.657983	4.187859	-0.593313	10.000000 
7.200000	1.118275	-1.454235	0.571597	0.039546	1.392099	-2.496672	3.202891	10.000000 
7.300000	-0.206157	0.088407	-1.255440	-0.937810	-0.418842	-0.682704	0.931123	10.000000 
7.400000	1.284813	-0.840837	-1.774843	1.796650	1.748850	-1.051736	-0.107649	10.000000 
7.500000	0.635426	-0.430401	1.440432	0.506576	0.324591	0.447412	-1.451954	10.000000 
7.600000	1.291413	1.107361	0.794359	0.097904	0.567559	1.248507	1.569203	10.000000 
7.700000	1.259919	-0.777035	-1.739598	-0.226759	-0.117912	0.442572	0.294371	10.000000 
7.800000	-1.615608	-0.230762	-0.069378	2.490651	0.927433	-1.150510	-0.370541	10.000000 
7.900000	-0.712053	0.638120	1.305145	2.489620	-0.625816	-0.316797	2.971254	10.000000 
8.000000	-0.075274	-0.208999	0.366170	0.503855	0.008672	1.187511	0.381247	10.000000 
8.100000	1.086813	-0.286257	0.588786	-0.245789	0.708602	3.300758	0.101558	10.000000 
8.200000	-2.023300	-0.432039	-0.331529	0.806853	-0.159237	-0.891879	0.404326	10.000000 
8.300000	-0.879290	0.737240	1.353270	-2.230808	0.105539	-1.140485	-0.751103	10.000000 
8.400000	0.037678	1.964723	2.309533	1.086070	0.476687	0.104547	-1.156767	10.000000 
8.500000	-0.740605	0.047175	-0.426229	1.982745	-0.533321	0.372652	1.994339	10.000000 
8.600000	-0.813051	-0.145794	-1.290899	-0.660622	0.356357	1.092603	0.084658	10.000000 
8.700000	0.189409	-0.998757	-2.194562	0.311763	-0.001251	-1.635982	1.191662	10.000000 
8.800000	0.144857	-0.468310	0.764940	0.358943	0.130173	-0.513846	1.413149	10.000000 
8.900000	0.214836	-2.059726	-0.548236	1.304102	1.954222	1.323717	1.808827	10.000000 
9.000000	1.307261	0.045190	0.529233	0.634810	0.571382	-0.425999	-0.425526	10.000000 
9.100000	2.061711	0.127330	-0.515719	-0.566322	-0.094798	-1.096940	-1.251758	10.000000 
9.200000	1.325262	-0.906490	1.002637	-0.363110	-1.376846	-2.246128	-0.436743	10.000000 
9.300000	1.469017	0.394797	-0.877365	0.048357	0.466413	0.714379	-1.600680	10.000000 
9.400000	-0.278378	-2.606980	-0.035347	-0.469728	-0.451153	0.417048	1.930694	10.000000 
9.500000	-1.081583	0.772751	0.621664	0.649361	1.102242	0.133810	0.018170	10.000000 
9.600000	2.839773	0.535885	1.079158	0.723497	0.499089	-0.915993	-0.005509	10.000000 
9.700000	-0.686254	-2.441892	-0.199197	0.035846	-0.705120	0.585419	-1.463498	10.000000 
9.800000	-0.527993	-0.701444	-0.880518	-1.431010	-0.447934	-0.662137	-0.894666	10.000000 
9.900000	1.877343	0.292694	-0.622123	1.162219	0.362393	1.180981	0.104886	10.000000 
10.000000	3.092471	-2.159719	-0.578206	3.059811	-1.408664	0.172374	0.332654	10.000000 
