116 1 0 100 0.093 0.091 0.089
116 1 1 100 0.098 0.089 0.089
116 2 0 100 0.093 0.091 0.082
116 2 1 100 0.098 0.09 0.089
116 3 0 100 0.092 0.09 0.088
116 3 1 100 0.099 0.088 0.089
116 4 0 100 0.086 0.084 0.09
116 4 1 100 0.099 0.091 0.088
116 5 0 100 0.087 0.079 0.083
116 5 1 100 0.092 0.084 0.09
116 6 0 100 0.097 0.082 0.098
116 6 1 100 0.103 0.094 0.098
116 7 0 100 0.103 0.087 0.09
116 7 1 100 0.096 0.091 0.094
116 1 0 200 0.186 0.171 0.178
116 1 1 200 0.186 0.177 0.177
116 2 0 200 0.18 0.171 0.174
116 2 1 200 0.187 0.179 0.178
116 3 0 200 0.186 0.171 0.184
116 3 1 200 0.186 0.178 0.185
116 4 0 200 0.183 0.175 0.178
116 4 1 200 0.187 0.18 0.18
116 5 0 200 0.176 0.167 0.175
116 5 1 200 0.187 0.18 0.179
116 6 0 200 0.184 0.176 0.18
116 6 1 200 0.198 0.188 0.189
116 7 0 200 0.19 0.179 0.176
116 7 1 200 0.192 0.181 0.19
116 1 0 300 0.262 0.253 0.259
116 1 1 300 0.275 0.269 0.267
116 2 0 300 0.253 0.251 0.258
116 2 1 300 0.265 0.256 0.256
116 3 0 300 0.262 0.254 0.25
116 3 1 300 0.274 0.264 0.265
116 4 0 300 0.262 0.254 0.256
116 4 1 300 0.276 0.261 0.267
116 5 0 300 0.264 0.256 0.255
116 5 1 300 0.277 0.26 0.268
116 6 0 300 0.274 0.265 0.263
116 6 1 300 0.284 0.27 0.271
116 7 0 300 0.276 0.26 0.264
116 7 1 300 0.281 0.266 0.266
116 1 0 400 0.354 0.342 0.341
116 1 1 400 0.364 0.35 0.351
116 2 0 400 0.342 0.332 0.347
116 2 1 400 0.356 0.341 0.341
116 3 0 400 0.352 0.342 0.348
116 3 1 400 0.364 0.358 0.358
116 4 0 400 0.353 0.34 0.346
116 4 1 400 0.366 0.344 0.351
116 5 0 400 0.358 0.342 0.346
116 5 1 400 0.358 0.345 0.35
116 6 0 400 0.364 0.359 0.352
116 6 1 400 0.368 0.356 0.357
116 7 0 400 0.358 0.347 0.355
116 7 1 400 0.362 0.357 0.355
116 1 0 500 0.441 0.43 0.432
116 1 1 500 0.446 0.432 0.435
116 2 0 500 0.421 0.407 0.413
116 2 1 500 0.432 0.427 0.427
116 3 0 500 0.437 0.435 0.436
116 3 1 500 0.455 0.434 0.439
116 4 0 500 0.441 0.432 0.429
116 4 1 500 0.443 0.435 0.435
116 5 0 500 0.437 0.43 0.432
116 5 1 500 0.443 0.438 0.435
116 6 0 500 0.445 0.432 0.437
116 6 1 500 0.453 0.446 0.442
116 7 0 500 0.442 0.434 0.441
116 7 1 500 0.455 0.44 0.445
116 1 0 600 0.524 0.508 0.516
116 1 1 600 0.527 0.514 0.519
116 2 0 600 0.504 0.499 0.5
116 2 1 600 0.514 0.497 0.505
116 3 0 600 0.521 0.512 0.522
116 3 1 600 0.528 0.519 0.527
116 4 0 600 0.521 0.511 0.515
116 4 1 600 0.526 0.513 0.519
116 5 0 600 0.518 0.51 0.515
116 5 1 600 0.522 0.513 0.517
116 6 0 600 0.527 0.519 0.524
116 6 1 600 0.531 0.522 0.522
116 7 0 600 0.528 0.52 0.515
116 7 1 600 0.529 0.525 0.524
116 1 0 700 0.611 0.6 0.6
116 1 1 700 0.609 0.592 0.598
116 2 0 700 0.581 0.58 0.576
116 2 1 700 0.585 0.573 0.576
116 3 0 700 0.607 0.6 0.597
116 3 1 700 0.61 0.604 0.604
116 4 0 700 0.607 0.592 0.592
116 4 1 700 0.611 0.591 0.605
116 5 0 700 0.596 0.599 0.6
116 5 1 700 0.601 0.594 0.605
116 6 0 700 0.598 0.593 0.606
116 6 1 700 0.611 0.601 0.607
116 7 0 700 0.605 0.591 0.609
116 7 1 700 0.609 0.603 0.603
116 1 0 800 0.675 0.67 0.672
116 1 1 800 0.682 0.672 0.677
116 2 0 800 0.655 0.656 0.652
116 2 1 800 0.658 0.652 0.651
116 3 0 800 0.682 0.68 0.673
116 3 1 800 0.684 0.672 0.677
116 4 0 800 0.676 0.674 0.672
116 4 1 800 0.677 0.674 0.672
116 5 0 800 0.678 0.671 0.678
116 5 1 800 0.682 0.675 0.676
116 6 0 800 0.687 0.677 0.683
116 6 1 800 0.684 0.678 0.682
116 7 0 800 0.681 0.679 0.678
116 7 1 800 0.685 0.67 0.684
116 1 0 900 0.739 0.734 0.735
116 1 1 900 0.744 0.729 0.734
116 2 0 900 0.724 0.718 0.719
116 2 1 900 0.719 0.71 0.723
116 3 0 900 0.743 0.74 0.741
116 3 1 900 0.751 0.734 0.738
116 4 0 900 0.737 0.732 0.735
116 4 1 900 0.743 0.731 0.743
116 5 0 900 0.732 0.735 0.732
116 5 1 900 0.737 0.731 0.744
116 6 0 900 0.744 0.75 0.747
116 6 1 900 0.751 0.74 0.74
116 7 0 900 0.745 0.738 0.746
116 7 1 900 0.752 0.734 0.738
116 1 0 1000 0.79 0.795 0.797
116 1 1 1000 0.795 0.778 0.786
116 2 0 1000 0.771 0.764 0.774
116 2 1 1000 0.772 0.762 0.771
116 3 0 1000 0.803 0.802 0.795
116 3 1 1000 0.792 0.778 0.792
116 4 0 1000 0.789 0.795 0.786
116 4 1 1000 0.791 0.78 0.785
116 5 0 1000 0.789 0.789 0.791
116 5 1 1000 0.793 0.777 0.808
116 6 0 1000 0.795 0.791 0.806
116 6 1 1000 0.792 0.784 0.79
116 7 0 1000 0.802 0.802 0.798
116 7 1 1000 0.795 0.778 0.79
