105 1 9.95
105 2 21.48
105 3 33.29
105 4 44.72
105 5 55.65
105 6 66.47
108 1 13.11
108 2 24.42
108 3 35.19
108 4 45.88
108 5 56.15
108 6 66.29
10 1 16.93
10 2 35.66
10 3 55.24
10 4 75.29
10 5 94.71
10 6 113.08
119 1 9.2
119 2 19.98
119 3 30.61
119 4 41.29
119 5 51.49
119 6 61.74
12 1 10.83
12 2 20.91
12 3 30.8
12 4 40.6
12 5 50.47
12 6 60.24
130 1 9.45
130 2 19.14
130 3 28.72
130 4 38.15
130 5 47.52
130 6 149
135 1 13.15
135 2 26.16
135 3 39.02
135 4 51.3
135 5 63.69
135 6 75.58
142 1 8.31
142 2 18.61
142 3 28.71
142 4 38.5
142 5 48.51
142 6 58.31
144 1 10.09
144 2 18.04
144 3 26.13
144 4 34.89
144 5 43.7
144 6 52.68
145 1 8.3
145 2 19.77
145 3 30.54
145 4 41.32
145 5 51.83
145 6 62.38
149 1 6.49
149 2 16.33
149 3 26.33
149 4 36.38
149 5 46.55
149 6 56.98
14 1 7.44
14 2 19.4
14 3 30.6
14 4 42.19
14 5 53.08
14 6 64.03
150 1 7.96
150 2 17.47
150 3 28.57
150 4 39.57
150 5 50.28
150 6 60.83
15 1 11.57
15 2 22.83
15 3 33.82
15 4 44.49
15 5 55.22
15 6 65.39
19 1 8.72
19 2 20.38
19 3 31.57
19 4 42.21
19 5 53.05
19 6 63.44
20 1 15.21
20 2 25.86
20 3 36.43
20 4 46.51
20 5 56.56
20 6 66.46
24 1 13.26
24 2 22.26
24 3 30.81
24 4 -1204
24 5 48.56
24 6 57.59
30 1 8.68
30 2 18.34
30 3 27.97
30 4 37.04
30 5 46.02
47 1 9.03
47 2 18.59
47 3 28.73
47 4 39.2
47 5 50.03
47 6 60.96
57 1 11.06
57 2 22.62
57 3 33.81
57 4 45.04
57 5 55.66
57 6 66.21
61 1 2.17
61 2 11.16
61 3 20.21
61 4 28.69
61 5 37.56
61 6 46.66
66 1 7.43
66 2 17.93
66 3 28.34
66 4 38.39
66 5 48.38
66 6 58.51
73 1 8.79
73 2 21.68
73 3 34.38
73 4 46.83
73 5 58.63
73 6 70.3
74 1 8.41
74 2 20.02
74 3 31.72
74 4 42.97
74 5 54.18
74 6 64.93
75 1 10.17
75 2 20.82
75 3 31.16
75 4 41.03
75 5 51.15
75 6 60.81
77 1 11.67
77 2 22.25
77 3 31.99
77 4 41.99
77 5 52.04
77 6 61.68
78 1 7.65
78 2 18.6
78 3 29.33
78 4 39.76
78 5 50.56
78 6 61.33
80 1 8.74
80 2 20.25
80 3 31.7
80 4 43.14
80 5 53.98
80 6 64.52
82 1 5.77
82 2 11.15
82 3 16.37
82 4 21.38
82 5 26.4
82 6 31.25
83 1 10.57
83 2 20.47
83 3 29.71
83 4 38.93
83 5 48.58
83 6 57.96
89 1 13.38
89 2 23.74
89 3 33.76
89 4 43.89
89 5 53.71
89 6 63.06
