-9.900000	2.278104	-1.409082	3.459866
-9.800000	0.031771	3.638026	-0.470209
-9.700000	1.699823	2.580435	2.601959
-9.600000	0.642932	-1.105744	1.207505
-9.500000	-1.200906	3.740394	4.303364
-9.400000	0.305848	-0.386105	-0.302199
-9.300000	-0.682579	0.673478	1.543258
-9.200000	-3.410049	1.507066	-0.375421
-9.100000	3.731006	-0.228842	2.048638
-9.000000	-2.542134	0.769883	-4.395981
-8.900000	1.117890	3.951343	1.229205
-8.800000	1.963109	0.879656	2.071994
-8.700000	0.156790	-1.508943	0.156344
-8.600000	-0.762891	-0.319719	-0.239843
-8.500000	-0.053614	0.788226	0.618149
-8.400000	-0.495414	-0.201856	-1.514466
-8.300000	-2.981779	0.742067	-4.676556
-8.200000	0.310328	-0.264507	0.878245
-8.100000	1.107713	1.615004	-0.564915
-8.000000	3.353758	1.277084	0.367291
-7.900000	-2.819794	-2.695031	-3.149344
-7.800000	2.048484	-1.172672	0.029773
-7.700000	4.150744	1.758841	2.754582
-7.600000	-2.530664	0.777143	-2.170583
-7.500000	0.924632	-1.153566	-3.588072
-7.400000	0.887032	2.377781	4.116573
-7.300000	-0.500846	1.224186	0.590747
-7.200000	1.596964	-0.759969	0.626116
-7.100000	-3.495336	2.524525	0.697039
-7.000000	0.289414	0.889880	-0.065101
-6.900000	0.384991	1.709753	2.561785
-6.800000	1.486349	3.389706	6.714668
-6.700000	0.432099	3.876049	1.679146
-6.600000	2.340175	2.406993	6.063667
-6.500000	-0.111870	7.749655	3.050165
-6.400000	1.038998	0.030998	1.623188
-6.300000	1.393509	-0.356290	0.760195
-6.200000	3.378995	1.844068	3.879199
-6.100000	6.057621	3.480728	1.131539
-6.000000	5.312880	5.110808	6.200780
-5.900000	3.014678	5.112199	3.801823
-5.800000	4.430414	6.710553	8.096179
-5.700000	4.012167	7.879730	8.795924
-5.600000	5.465381	5.669122	6.583626
-5.500000	6.133323	7.053150	6.424016
-5.400000	10.718382	11.416249	11.732662
-5.300000	13.458614	11.401148	10.242745
-5.200000	12.952110	9.271894	12.714230
-5.100000	12.987270	11.316827	16.601182
-5.000000	14.336271	16.412956	19.234665
-4.900000	22.520396	16.742348	20.652261
-4.800000	25.200062	18.894918	23.904725
-4.700000	25.450550	25.714940	24.485393
-4.600000	27.684063	30.047187	31.889181
-4.500000	33.657962	26.879046	31.706321
-4.400000	41.814624	36.149679	41.227638
-4.300000	43.983029	41.199118	40.693235
-4.200000	51.925001	47.736230	53.796768
-4.100000	56.816633	52.706688	57.265267
-4.000000	60.656453	59.478566	60.484578
-3.900000	65.503351	63.659717	67.462134
-3.800000	73.101197	73.901466	74.348645
-3.700000	82.236606	78.336893	86.733533
-3.600000	91.356944	87.313247	95.881839
-3.500000	100.367274	95.087597	100.230838
-3.400000	106.962614	108.624183	110.902523
-3.300000	120.172660	110.744359	124.568196
-3.200000	128.457376	123.915244	134.324975
-3.100000	136.770974	133.710811	143.199819
-3.000000	149.735986	142.997064	154.526065
-2.900000	161.218094	153.996660	166.054047
-2.800000	172.445155	165.882443	176.394793
-2.700000	194.410821	179.518988	193.464798
-2.600000	204.693197	195.368295	213.296469
-2.500000	225.019800	211.512504	230.941005
-2.400000	238.389747	232.421396	246.590537
-2.300000	257.615391	240.610972	265.016045
-2.200000	272.388947	264.037190	282.844054
-2.100000	287.808807	276.268752	297.062408
-2.000000	306.808649	293.718869	316.191527
-1.900000	327.802053	314.436433	337.336501
-1.800000	346.561191	329.349453	352.386715
-1.700000	354.881909	342.513359	369.723189
-1.600000	372.088919	354.141255	385.242849
-1.500000	389.554392	367.346834	398.137709
-1.400000	397.789574	383.796067	411.243363
-1.300000	416.317987	397.404142	428.716256
-1.200000	427.372925	406.286134	439.396604
-1.100000	442.933118	417.467375	453.070752
-1.000000	447.974365	432.278433	460.762137
-0.900000	460.810593	442.986194	479.833224
-0.800000	474.851970	454.649602	490.188837
-0.700000	488.784898	467.389027	504.456082
-0.600000	501.419395	481.435737	515.872861
-0.500000	507.629327	490.430313	526.950063
-0.400000	525.819750	502.512291	541.398968
-0.300000	534.190141	508.013501	547.114972
-0.200000	542.108973	514.196969	557.828294
-0.100000	549.692826	522.638832	564.365057
-0.000000	550.794763	523.418498	568.148796
0.100000	550.980724	527.952481	568.608250
0.200000	551.607865	522.143123	566.987539
0.300000	543.994689	519.025243	556.969630
0.400000	539.744961	513.453175	553.602793
0.500000	532.734882	505.577776	545.520257
0.600000	520.945501	496.172913	536.587569
0.700000	510.148654	485.127183	524.150380
0.800000	497.333021	476.578731	513.451550
0.900000	487.514127	465.451380	500.559521
1.000000	474.774051	451.144579	489.010518
1.100000	465.734563	440.756609	479.255282
1.200000	451.019743	430.635853	463.916331
1.300000	441.048557	423.387884	453.280194
1.400000	426.026219	410.390938	441.019763
1.500000	417.826395	400.546575	428.567995
1.600000	404.886665	385.465558	417.310493
1.700000	389.361667	371.983176	401.052802
1.800000	376.843021	355.948338	386.046478
1.900000	357.718152	339.768811	370.395794
2.000000	341.908263	327.759879	354.967713
2.100000	323.787646	309.243021	333.404678
2.200000	308.392165	293.707146	318.119164
2.300000	292.655990	275.219011	301.202297
2.400000	273.211495	261.685912	280.461181
2.500000	256.742173	240.376083	264.733006
2.600000	236.328867	226.461482	244.859272
2.700000	217.715450	208.513980	226.152505
2.800000	204.894840	198.699455	212.728244
2.900000	186.685895	179.779808	192.750969
3.000000	175.998672	170.494345	182.562669
3.100000	161.832023	154.714972	167.998077
3.200000	152.689086	143.833272	155.607667
3.300000	138.228071	134.800079	142.501813
3.400000	129.820274	123.370159	132.517376
3.500000	119.900023	113.761296	123.720738
3.600000	105.735267	100.453493	110.121576
3.700000	98.909159	93.100602	100.292078
3.800000	92.532235	92.188658	95.421979
3.900000	82.911481	79.576061	84.238511
4.000000	77.067606	76.844009	81.399186
4.100000	67.430670	65.325174	69.907985
4.200000	64.285204	57.609717	63.336271
4.300000	56.093714	52.228361	53.353362
4.400000	45.879455	45.265816	51.462432
4.500000	42.465253	41.242044	42.931028
4.600000	35.667381	36.339254	40.878059
4.700000	34.745454	32.565752	35.800546
4.800000	28.017477	32.069037	28.631758
4.900000	27.237949	24.589107	25.320589
5.000000	22.798941	18.010162	24.163298
5.100000	22.862226	19.012691	20.169664
5.200000	18.573102	17.386133	16.103600
5.300000	13.525715	14.569706	16.364345
5.400000	15.018516	12.987612	12.321466
5.500000	11.386535	8.940074	9.937880
5.600000	10.696502	10.747338	10.896784
5.700000	14.580749	5.783557	7.848061
5.800000	6.981693	10.746949	10.448400
5.900000	5.913105	8.004428	9.111696
6.000000	8.535201	5.545128	5.968834
6.100000	7.253251	6.712244	7.941468
6.200000	5.261714	2.179416	3.573357
6.300000	4.004546	3.864334	0.333510
6.400000	1.971217	2.395159	1.726577
6.500000	-0.543911	-0.032068	-1.594042
6.600000	-0.960689	6.321508	1.890816
6.700000	0.963667	0.621722	1.668717
6.800000	-1.088885	-1.625588	-1.724466
6.900000	0.279806	5.308756	2.879529
7.000000	0.716173	3.289763	2.551299
7.100000	-1.992372	-0.028504	1.117466
7.200000	-0.517697	1.537260	2.870599
7.300000	0.314433	-3.340061	-0.966178
7.400000	0.278023	-3.077802	1.580833
7.500000	-2.120421	-1.014001	2.748835
7.600000	-1.176064	1.306884	-3.123340
7.700000	-2.672997	-3.462751	-0.401578
7.800000	-0.754330	2.576130	-0.886713
7.900000	1.034784	3.834660	2.398151
8.000000	-2.249642	1.862522	-1.942324
8.100000	6.388536	-0.804369	1.839827
8.200000	-1.858287	-0.977861	2.973945
8.300000	2.371955	-4.101726	-0.650947
8.400000	0.965220	-2.527664	0.418197
8.500000	-1.660585	-3.247843	2.118904
8.600000	4.566576	1.116091	7.790723
8.700000	2.038266	-3.229763	-3.709710
8.800000	2.270733	2.145092	2.376292
8.900000	4.860659	0.456525	0.417253
9.000000	2.087366	-0.499524	-0.035396
9.100000	2.716350	-4.221175	0.151483
9.200000	2.060820	0.360757	0.279664
9.300000	2.266490	-0.030214	2.369748
9.400000	-0.065407	0.469281	-2.780976
9.500000	1.242692	-5.576093	-1.994481
9.600000	-1.112067	2.117262	-0.673457
9.700000	1.268574	0.625660	1.395626
9.800000	1.792425	0.374690	0.710580
9.900000	-0.512297	0.709250	-1.903879
10.000000	-0.852403	-0.584617	0.835234
