384 2 0 400 0.260000 0.278000 0.279000
384 2 1 400 0.246000 0.237000 0.240000
384 2 0 400 0.322000 0.423000 0.416000
384 2 1 400 0.314000 0.385000 0.378000
384 2 0 800 0.248000 0.300000 0.339000
384 2 1 800 0.246000 0.256000 0.321000
384 3 0 400 0.340000 0.430000 0.479000
384 3 1 400 0.328000 0.386000 0.432000
384 3 0 800 0.321000 0.259000 0.358000
384 3 1 800 0.325000 0.206000 0.312000
384 4 0 400 0.418000 0.358000 0.484000
384 4 1 400 0.422000 0.312000 0.442000
373 2 0 400 0.267000 0.287000 0.267000
373 2 1 400 0.374000 0.354000 0.394000
373 2 0 400 0.346000 0.462000 0.434000
373 2 1 400 0.435000 0.497000 0.515000
373 2 0 800 0.268000 0.307000 0.267000
373 2 1 800 0.355000 0.353000 0.395000
373 3 0 400 0.384000 0.462000 0.445000
373 3 1 400 0.477000 0.514000 0.515000
373 3 0 800 0.306000 0.228000 0.288000
373 3 1 800 0.396000 0.313000 0.393000
373 4 0 400 0.425000 0.364000 0.462000
373 4 1 400 0.517000 0.433000 0.534000
393 2 0 400 0.268000 0.253000 0.335000
393 2 1 400 0.347000 0.327000 0.388000
393 2 0 400 0.346000 0.402000 0.473000
393 2 1 400 0.407000 0.463000 0.506000
393 2 0 800 0.288000 0.267000 0.380000
393 2 1 800 0.346000 0.346000 0.446000
393 3 0 400 0.379000 0.417000 0.509000
393 3 1 400 0.426000 0.465000 0.564000
393 3 0 800 0.364000 0.216000 0.387000
393 3 1 800 0.426000 0.287000 0.447000
393 4 0 400 0.523000 0.411000 0.508000
393 4 1 400 0.582000 0.464000 0.564000
403 2 0 400 0.334000 0.436000 0.413000
403 2 1 400 0.361000 0.441000 0.441000
403 2 0 400 0.436000 0.551000 0.532000
403 2 1 400 0.440000 0.563000 0.543000
403 2 0 800 0.347000 0.432000 0.430000
403 2 1 800 0.362000 0.462000 0.442000
403 3 0 400 0.433000 0.550000 0.552000
403 3 1 400 0.458000 0.582000 0.564000
403 3 0 800 0.394000 0.392000 0.433000
403 3 1 800 0.401000 0.420000 0.461000
403 4 0 400 0.474000 0.471000 0.547000
403 4 1 400 0.502000 0.522000 0.563000
413 2 0 400 0.340000 0.380000 0.409000
413 2 1 400 0.310000 0.308000 0.269000
413 2 0 400 0.399000 0.492000 0.527000
413 2 1 400 0.369000 0.465000 0.428000
413 2 0 800 0.342000 0.377000 0.492000
413 2 1 800 0.310000 0.308000 0.388000
413 3 0 400 0.417000 0.492000 0.608000
413 3 1 400 0.388000 0.465000 0.506000
413 3 0 800 0.455000 0.337000 0.497000
413 3 1 800 0.429000 0.269000 0.388000
413 4 0 400 0.531000 0.457000 0.607000
413 4 1 400 0.506000 0.387000 0.509000
423 2 0 400 0.005000 0.005000 0.001000
423 2 1 400 0.008000 0.004000 0.003000
423 2 0 400 0.004000 0.005000 0.005000
423 2 1 400 0.004000 0.004000 0.003000
423 2 0 800 0.004000 0.007000 0.001000
423 2 1 800 0.005000 0.002000 0.003000
423 3 0 400 0.003000 0.004000 0.004000
423 3 1 400 0.004000 0.006000 0.004000
423 3 0 800 0.003000 0.009000 0.001000
423 3 1 800 0.004000 0.003000 0.004000
423 4 0 400 0.006000 0.004000 0.001000
423 4 1 400 0.005000 0.003000 0.005000
433 2 0 400 0.004000 0.005000 0.003000
433 2 1 400 0.003000 0.002000 0.001000
433 2 0 400 0.003000 0.005000 0.006000
433 2 1 400 0.004000 0.002000 0.003000
433 2 0 800 0.004000 0.004000 0.007000
433 2 1 800 0.003000 0.001000 0.003000
433 3 0 400 0.002000 0.004000 0.002000
433 3 1 400 0.004000 0.002000 0.008000
433 3 0 800 0.003000 0.003000 0.004000
433 3 1 800 0.002000 0.004000 0.001000
433 4 0 400 0.007000 0.005000 0.002000
433 4 1 400 0.004000 0.002000 0.008000
375 2 0 400 0.249000 0.246000 0.231000
375 2 1 400 0.246000 0.345000 0.209000
375 2 0 400 0.321000 0.428000 0.430000
375 2 1 400 0.328000 0.517000 0.384000
375 2 0 800 0.250000 0.239000 0.245000
375 2 1 800 0.266000 0.345000 0.229000
375 3 0 400 0.377000 0.429000 0.447000
375 3 1 400 0.344000 0.520000 0.404000
375 3 0 800 0.285000 0.214000 0.250000
375 3 1 800 0.305000 0.307000 0.229000
375 4 0 400 0.429000 0.337000 0.452000
375 4 1 400 0.403000 0.442000 0.422000
385 2 0 400 0.006000 0.004000 0.006000
385 2 1 400 0.001000 0.008000 0.002000
385 2 0 400 0.007000 0.003000 0.005000
385 2 1 400 -0.001000 0.002000 0.004000
385 2 0 800 0.006000 0.010000 0.010000
385 2 1 800 0.001000 0.002000 0.011000
385 3 0 400 0.004000 0.006000 0.006000
385 3 1 400 0.006000 0.005000 0.006000
385 3 0 800 0.001000 0.007000 0.005000
385 3 1 800 0.000000 0.007000 0.005000
385 4 0 400 0.009000 0.009000 0.003000
385 4 1 400 0.002000 0.008000 0.005000
395 2 0 400 0.267000 0.325000 0.319000
395 2 1 400 0.276000 0.294000 0.295000
395 2 0 400 0.344000 0.471000 0.437000
395 2 1 400 0.351000 0.445000 0.445000
395 2 0 800 0.267000 0.327000 0.437000
395 2 1 800 0.145000 0.008000 0.003000
395 3 0 400 0.005000 0.010000 0.011000
395 3 1 400 0.010000 0.002000 0.002000
395 3 0 800 0.002000 0.002000 0.006000
395 3 1 800 0.003000 0.007000 0.002000
395 4 0 400 0.003000 0.004000 0.003000
395 4 1 400 0.003000 0.002000 0.003000
384 2 0 400 0.112000 0.226000 0.222000
384 2 1 400 0.108000 0.202000 0.204000
384 2 0 400 0.239000 0.479000 0.482000
384 2 1 400 0.240000 0.483000 0.466000
384 2 0 800 0.131000 0.236000 0.226000
384 2 1 800 0.126000 0.220000 0.222000
384 3 0 400 0.283000 0.498000 0.483000
384 3 1 400 0.296000 0.501000 0.487000
384 3 0 800 0.153000 0.172000 0.227000
384 3 1 800 0.145000 0.147000 0.222000
384 4 0 400 0.327000 0.362000 0.501000
384 4 1 400 0.341000 0.351000 0.487000
373 2 0 400 0.002000 0.002000 0.005000
373 2 1 400 0.004000 0.000000 0.002000
373 2 0 400 0.003000 0.004000 0.005000
373 2 1 400 0.002000 0.001000 0.002000
373 2 0 800 0.004000 0.002000 0.002000
373 2 1 800 0.003000 0.004000 0.001000
373 3 0 400 0.005000 0.002000 0.004000
373 3 1 400 0.002000 -0.001000 0.002000
373 3 0 800 0.001000 0.006000 0.004000
373 3 1 800 0.002000 0.003000 0.000000
373 4 0 400 0.008000 0.003000 0.005000
373 4 1 400 0.003000 0.001000 0.016000
393 2 0 400 0.168000 0.196000 0.241000
393 2 1 400 0.196000 0.193000 0.256000
393 2 0 400 0.296000 0.444000 0.479000
393 2 1 400 0.284000 0.405000 0.453000
393 2 0 800 0.171000 0.202000 0.356000
393 2 1 800 0.213000 0.214000 0.356000
393 3 0 400 0.334000 0.467000 0.593000
393 3 1 400 0.315000 0.412000 0.534000
393 3 0 800 0.293000 0.126000 0.350000
393 3 1 800 0.337000 0.153000 0.376000
393 4 0 400 0.477000 0.324000 0.592000
393 4 1 400 0.454000 0.293000 0.555000
403 2 0 400 0.216000 0.294000 0.277000
403 2 1 400 0.218000 0.318000 0.301000
403 2 0 400 0.293000 0.457000 0.439000
403 2 1 400 0.308000 0.482000 0.442000
403 2 0 800 0.216000 0.316000 0.318000
403 2 1 800 0.238000 0.340000 0.319000
403 3 0 400 0.318000 0.452000 0.455000
403 3 1 400 0.320000 0.482000 0.482000
403 3 0 800 0.270000 0.256000 0.318000
403 3 1 800 0.279000 0.278000 0.341000
403 4 0 400 0.384000 0.377000 0.480000
403 4 1 400 0.379000 0.400000 0.482000
413 2 0 400 0.190000 0.262000 0.287000
413 2 1 400 0.175000 0.224000 0.214000
413 2 0 400 0.288000 0.462000 0.490000
413 2 1 400 0.285000 0.473000 0.474000
413 2 0 800 0.200000 0.267000 0.350000
413 2 1 800 0.195000 0.222000 0.274000
413 3 0 400 0.308000 0.461000 0.541000
413 3 1 400 0.339000 0.472000 0.516000
413 3 0 800 0.261000 0.188000 0.346000
413 3 1 800 0.256000 0.165000 0.275000
413 4 0 400 0.395000 0.345000 0.539000
413 4 1 400 0.415000 0.333000 0.515000
423 2 0 400 0.005000 0.004000 0.004000
423 2 1 400 0.004000 0.003000 0.005000
423 2 0 400 0.006000 0.002000 0.003000
423 2 1 400 0.005000 0.003000 0.003000
423 2 0 800 0.004000 0.007000 0.004000
423 2 1 800 0.009000 0.004000 0.007000
423 3 0 400 0.003000 0.006000 0.000000
423 3 1 400 0.007000 0.003000 0.007000
423 3 0 800 0.002000 0.005000 0.007000
423 3 1 800 0.004000 0.005000 0.004000
423 4 0 400 0.006000 0.003000 0.001000
423 4 1 400 0.002000 0.009000 0.005000
433 2 0 400 0.001000 0.006000 0.003000
433 2 1 400 0.003000 0.007000 0.005000
433 2 0 400 0.001000 0.003000 0.004000
433 2 1 400 0.002000 0.002000 0.001000
433 2 0 800 0.003000 0.006000 0.004000
433 2 1 800 0.004000 0.008000 0.002000
433 3 0 400 0.001000 0.010000 0.006000
433 3 1 400 0.004000 0.004000 0.002000
433 3 0 800 0.004000 0.005000 0.003000
433 3 1 800 0.010000 0.005000 0.008000
433 4 0 400 0.004000 0.002000 0.004000
433 4 1 400 0.003000 0.004000 0.002000
375 2 0 400 0.157000 0.265000 0.262000
375 2 1 400 0.142000 0.282000 0.231000
375 2 0 400 0.320000 0.546000 0.527000
375 2 1 400 0.288000 0.527000 0.508000
375 2 0 800 0.184000 0.267000 0.275000
375 2 1 800 0.162000 0.282000 0.253000
375 3 0 400 0.367000 0.545000 0.565000
375 3 1 400 0.329000 0.537000 0.527000
375 3 0 800 0.226000 0.190000 0.289000
375 3 1 800 0.201000 0.222000 0.272000
375 4 0 400 0.433000 0.417000 0.558000
375 4 1 400 0.407000 0.418000 0.528000
385 2 0 400 1.169600 0.021000 0.238000
385 2 1 400 0.000000 0.004000 0.004000
385 2 0 400 1.170700 0.015000 0.525000
385 2 1 400 -0.001000 0.005000 0.004000
385 2 0 800 1.172500 0.036000 0.009000
385 2 1 800 0.004000 0.000000 0.003000
385 3 0 400 1.170500 0.039000 0.008000
385 3 1 400 0.000000 0.008000 0.003000
385 3 0 800 0.003000 0.010000 0.013000
385 3 1 800 0.000000 0.002000 0.007000
385 4 0 400 0.009000 0.008000 0.005000
385 4 1 400 0.000000 0.000000 0.002000
395 2 0 400 0.125000 0.237000 0.220000
395 2 1 400 0.133000 0.242000 0.233000
395 2 0 400 0.238000 0.515000 0.479000
395 2 1 400 0.279000 0.527000 0.490000
395 2 0 800 0.144000 0.237000 0.309000
395 2 1 800 0.157000 0.243000 0.318000
395 3 0 400 0.283000 0.513000 0.555000
395 3 1 400 0.324000 0.528000 0.582000
395 3 0 800 0.239000 0.174000 0.311000
395 3 1 800 0.262000 0.167000 0.321000
395 4 0 400 0.421000 0.367000 0.552000
395 4 1 400 0.452000 0.376000 0.584000
384 2 0 400 0.112000 0.226000 0.222000
384 2 1 400 0.108000 0.202000 0.204000
384 2 0 400 0.239000 0.479000 0.482000
384 2 1 400 0.240000 0.483000 0.466000
384 2 0 800 0.131000 0.236000 0.226000
384 2 1 800 0.126000 0.220000 0.222000
384 3 0 400 0.283000 0.498000 0.483000
384 3 1 400 0.296000 0.501000 0.487000
384 3 0 800 0.153000 0.172000 0.227000
384 3 1 800 0.145000 0.147000 0.222000
384 4 0 400 0.327000 0.362000 0.501000
384 4 1 400 0.341000 0.351000 0.487000
373 2 0 400 0.002000 0.002000 0.005000
373 2 1 400 0.004000 0.000000 0.002000
373 2 0 400 0.003000 0.004000 0.005000
373 2 1 400 0.002000 0.001000 0.002000
373 2 0 800 0.004000 0.002000 0.002000
373 2 1 800 0.003000 0.004000 0.001000
373 3 0 400 0.005000 0.002000 0.004000
373 3 1 400 0.002000 -0.001000 0.002000
373 3 0 800 0.001000 0.006000 0.004000
373 3 1 800 0.002000 0.003000 0.000000
373 4 0 400 0.008000 0.003000 0.005000
373 4 1 400 0.003000 0.001000 0.016000
393 2 0 400 0.168000 0.196000 0.241000
393 2 1 400 0.196000 0.193000 0.256000
393 2 0 400 0.296000 0.444000 0.479000
393 2 1 400 0.284000 0.405000 0.453000
393 2 0 800 0.171000 0.202000 0.356000
393 2 1 800 0.213000 0.214000 0.356000
393 3 0 400 0.334000 0.467000 0.593000
393 3 1 400 0.315000 0.412000 0.534000
393 3 0 800 0.293000 0.126000 0.350000
393 3 1 800 0.337000 0.153000 0.376000
393 4 0 400 0.477000 0.324000 0.592000
393 4 1 400 0.454000 0.293000 0.555000
403 2 0 400 0.216000 0.294000 0.277000
403 2 1 400 0.218000 0.318000 0.301000
403 2 0 400 0.293000 0.457000 0.439000
403 2 1 400 0.308000 0.482000 0.442000
403 2 0 800 0.216000 0.316000 0.318000
403 2 1 800 0.238000 0.340000 0.319000
403 3 0 400 0.318000 0.452000 0.455000
403 3 1 400 0.320000 0.482000 0.482000
403 3 0 800 0.270000 0.256000 0.318000
403 3 1 800 0.279000 0.278000 0.341000
403 4 0 400 0.384000 0.377000 0.480000
403 4 1 400 0.379000 0.400000 0.482000
413 2 0 400 0.190000 0.262000 0.287000
413 2 1 400 0.175000 0.224000 0.214000
413 2 0 400 0.288000 0.462000 0.490000
413 2 1 400 0.285000 0.473000 0.474000
413 2 0 800 0.200000 0.267000 0.350000
413 2 1 800 0.195000 0.222000 0.274000
413 3 0 400 0.308000 0.461000 0.541000
413 3 1 400 0.339000 0.472000 0.516000
413 3 0 800 0.261000 0.188000 0.346000
413 3 1 800 0.256000 0.165000 0.275000
413 4 0 400 0.395000 0.345000 0.539000
413 4 1 400 0.415000 0.333000 0.515000
423 2 0 400 0.005000 0.004000 0.004000
423 2 1 400 0.004000 0.003000 0.005000
423 2 0 400 0.006000 0.002000 0.003000
423 2 1 400 0.005000 0.003000 0.003000
423 2 0 800 0.004000 0.007000 0.004000
423 2 1 800 0.009000 0.004000 0.007000
423 3 0 400 0.003000 0.006000 0.000000
423 3 1 400 0.007000 0.003000 0.007000
423 3 0 800 0.002000 0.005000 0.007000
423 3 1 800 0.004000 0.005000 0.004000
423 4 0 400 0.006000 0.003000 0.001000
423 4 1 400 0.002000 0.009000 0.005000
433 2 0 400 0.001000 0.006000 0.003000
433 2 1 400 0.003000 0.007000 0.005000
433 2 0 400 0.001000 0.003000 0.004000
433 2 1 400 0.002000 0.002000 0.001000
433 2 0 800 0.003000 0.006000 0.004000
433 2 1 800 0.004000 0.008000 0.002000
433 3 0 400 0.001000 0.010000 0.006000
433 3 1 400 0.004000 0.004000 0.002000
433 3 0 800 0.004000 0.005000 0.003000
433 3 1 800 0.010000 0.005000 0.008000
433 4 0 400 0.004000 0.002000 0.004000
433 4 1 400 0.003000 0.004000 0.002000
375 2 0 400 0.157000 0.265000 0.262000
375 2 1 400 0.142000 0.282000 0.231000
375 2 0 400 0.320000 0.546000 0.527000
375 2 1 400 0.288000 0.527000 0.508000
375 2 0 800 0.184000 0.267000 0.275000
375 2 1 800 0.162000 0.282000 0.253000
375 3 0 400 0.367000 0.545000 0.565000
375 3 1 400 0.329000 0.537000 0.527000
375 3 0 800 0.226000 0.190000 0.289000
375 3 1 800 0.201000 0.222000 0.272000
375 4 0 400 0.433000 0.417000 0.558000
375 4 1 400 0.407000 0.418000 0.528000
385 2 0 400 1.169600 0.021000 0.238000
385 2 1 400 0.000000 0.004000 0.004000
385 2 0 400 1.170700 0.015000 0.525000
385 2 1 400 -0.001000 0.005000 0.004000
385 2 0 800 1.172500 0.036000 0.009000
385 2 1 800 0.004000 0.000000 0.003000
385 3 0 400 1.170500 0.039000 0.008000
385 3 1 400 0.000000 0.008000 0.003000
385 3 0 800 0.003000 0.010000 0.013000
385 3 1 800 0.000000 0.002000 0.007000
385 4 0 400 0.009000 0.008000 0.005000
385 4 1 400 0.000000 0.000000 0.002000
395 2 0 400 0.125000 0.237000 0.220000
395 2 1 400 0.133000 0.242000 0.233000
395 2 0 400 0.238000 0.515000 0.479000
395 2 1 400 0.279000 0.527000 0.490000
395 2 0 800 0.144000 0.237000 0.309000
395 2 1 800 0.157000 0.243000 0.318000
395 3 0 400 0.283000 0.513000 0.555000
395 3 1 400 0.324000 0.528000 0.582000
395 3 0 800 0.239000 0.174000 0.311000
395 3 1 800 0.262000 0.167000 0.321000
395 4 0 400 0.421000 0.367000 0.552000
395 4 1 400 0.452000 0.376000 0.584000
384 2 0 400 0.163000 0.289000 0.284000
384 2 1 400 0.160000 0.289000 0.274000
384 2 0 400 0.335000 0.567000 0.550000
384 2 1 400 0.337000 0.571000 0.543000
384 2 0 800 0.182000 0.300000 0.297000
384 2 1 800 0.179000 0.298000 0.293000
384 3 0 400 0.368000 0.581000 0.566000
384 3 1 400 0.369000 0.581000 0.565000
384 3 0 800 0.210000 0.220000 0.297000
384 3 1 800 0.225000 0.223000 0.300000
384 4 0 400 0.425000 0.432000 0.573000
384 4 1 400 0.431000 0.435000 0.575000
373 2 0 400 0.193000 0.296000 0.291000
373 2 1 400 0.183000 0.270000 0.278000
373 2 0 400 0.369000 0.589000 0.570000
373 2 1 400 0.343000 0.550000 0.549000
373 2 0 800 0.213000 0.312000 0.331000
373 2 1 800 0.188000 0.278000 0.319000
373 3 0 400 0.402000 0.601000 0.616000
373 3 1 400 0.382000 0.563000 0.599000
373 3 0 800 0.272000 0.218000 0.342000
373 3 1 800 0.254000 0.197000 0.318000
373 4 0 400 0.495000 0.440000 0.628000
373 4 1 400 0.458000 0.400000 0.603000
393 2 0 400 0.186000 0.252000 0.288000
393 2 1 400 0.156000 0.226000 0.268000
393 2 0 400 0.352000 0.537000 0.557000
393 2 1 400 0.318000 0.499000 0.534000
393 2 0 800 0.201000 0.270000 0.297000
393 2 1 800 0.176000 0.230000 0.278000
393 3 0 400 0.387000 0.551000 0.571000
393 3 1 400 0.360000 0.519000 0.541000
393 3 0 800 0.231000 0.193000 0.308000
393 3 1 800 0.208000 0.155000 0.279000
393 4 0 400 0.447000 0.397000 0.581000
393 4 1 400 0.419000 0.359000 0.561000
403 2 0 400 0.106000 0.231000 0.234000
403 2 1 400 0.097000 0.238000 0.218000
403 2 0 400 0.259000 0.498000 0.498000
403 2 1 400 0.238000 0.501000 0.482000
403 2 0 800 0.117000 0.256000 0.303000
403 2 1 800 0.117000 0.258000 0.295000
403 3 0 400 0.297000 0.518000 0.570000
403 3 1 400 0.280000 0.523000 0.563000
403 3 0 800 0.213000 0.178000 0.318000
403 3 1 800 0.219000 0.177000 0.301000
403 4 0 400 0.419000 0.375000 0.580000
403 4 1 400 0.401000 0.371000 0.563000
413 2 0 400 0.153000 0.270000 0.291000
413 2 1 400 0.175000 0.284000 0.295000
413 2 0 400 0.334000 0.545000 0.558000
413 2 1 400 0.355000 0.563000 0.566000
413 2 0 800 0.177000 0.271000 0.378000
413 2 1 800 0.196000 0.284000 0.384000
413 3 0 400 0.368000 0.563000 0.645000
413 3 1 400 0.384000 0.572000 0.644000
413 3 0 800 0.290000 0.191000 0.378000
413 3 1 800 0.305000 0.214000 0.384000
413 4 0 400 0.486000 0.408000 0.646000
413 4 1 400 0.515000 0.421000 0.658000
423 2 0 400 0.006000 0.004000 0.003000
423 2 1 400 0.006000 0.003000 0.003000
423 2 0 400 0.004000 0.005000 0.001000
423 2 1 400 0.008000 0.002000 0.007000
423 2 0 800 0.012000 0.003000 0.000000
423 2 1 800 0.008000 0.004000 0.006000
423 3 0 400 0.003000 0.003000 0.003000
423 3 1 400 0.003000 0.004000 0.003000
423 3 0 800 0.006000 0.005000 0.003000
423 3 1 800 0.005000 0.003000 0.004000
423 4 0 400 0.005000 0.005000 0.002000
423 4 1 400 0.004000 0.002000 0.003000
433 2 0 400 0.002000 0.005000 0.008000
433 2 1 400 0.002000 0.005000 0.002000
433 2 0 400 0.001000 0.010000 0.008000
433 2 1 400 0.002000 0.001000 0.010000
433 2 0 800 0.003000 0.006000 0.010000
433 2 1 800 0.003000 0.002000 0.006000
433 3 0 400 0.000000 0.003000 0.004000
433 3 1 400 0.005000 0.001000 0.004000
433 3 0 800 0.004000 0.003000 0.010000
433 3 1 800 0.009000 0.005000 0.008000
433 4 0 400 0.004000 0.004000 0.002000
433 4 1 400 0.011000 0.002000 0.001000
375 2 0 400 0.181000 0.319000 0.308000
375 2 1 400 0.178000 0.314000 0.305000
375 2 0 400 0.363000 0.601000 0.574000
375 2 1 400 0.352000 0.586000 0.572000
375 2 0 800 0.206000 0.322000 0.350000
375 2 1 800 0.203000 0.319000 0.349000
375 3 0 400 0.403000 0.604000 0.626000
375 3 1 400 0.391000 0.598000 0.622000
375 3 0 800 0.274000 0.251000 0.352000
375 3 1 800 0.272000 0.249000 0.354000
375 4 0 400 0.491000 0.468000 0.634000
375 4 1 400 0.488000 0.462000 0.632000
385 2 0 400 0.166000 0.321000 0.303000
385 2 1 400 0.141000 0.297000 0.283000
385 2 0 400 0.346000 0.612000 0.587000
385 2 1 400 0.326000 0.590000 0.573000
385 2 0 800 0.174000 0.327000 0.007000
385 2 1 800 0.302000 0.324000 0.003000
385 3 0 400 0.384000 0.623000 0.006000
385 3 1 400 1.229400 1.229600 0.003000
385 3 0 800 0.001000 0.231000 0.005000
385 3 1 800 0.304000 0.147000 0.005000
385 4 0 400 0.001000 0.458000 0.010000
385 4 1 400 1.229400 0.609000 0.003000
395 2 0 400 0.004000 0.313000 0.273000
395 2 1 400 0.157000 0.309000 0.284000
395 2 0 400 0.327000 0.584000 0.556000
395 2 1 400 0.335000 0.591000 0.562000
395 2 0 800 0.168000 0.306000 0.007000
395 2 1 800 0.177000 0.313000 0.008000
395 3 0 400 0.361000 0.606000 0.001000
395 3 1 400 0.367000 0.601000 0.002000
395 3 0 800 0.006000 0.220000 0.007000
395 3 1 800 0.003000 0.226000 0.004000
395 4 0 400 0.000000 0.442000 0.003000
395 4 1 400 0.007000 0.439000 0.003000
384 2 0 400 0.173000 0.299000 0.286000
384 2 1 400 0.172000 0.301000 0.283000
384 2 0 400 0.352000 0.578000 0.558000
384 2 1 400 0.350000 0.580000 0.552000
384 2 0 800 0.195000 0.310000 0.390000
384 2 1 800 0.192000 0.316000 0.387000
384 3 0 400 0.385000 0.593000 0.648000
384 3 1 400 0.386000 0.593000 0.646000
384 3 0 800 0.322000 0.230000 0.390000
384 3 1 800 0.321000 0.229000 0.395000
384 4 0 400 0.535000 0.443000 0.658000
384 4 1 400 0.531000 0.443000 0.657000
373 2 0 400 0.197000 0.297000 0.289000
373 2 1 400 0.206000 0.304000 0.303000
373 2 0 400 0.387000 0.593000 0.580000
373 2 1 400 0.392000 0.597000 0.587000
373 2 0 800 0.224000 0.316000 0.368000
373 2 1 800 0.219000 0.319000 0.386000
373 3 0 400 0.420000 0.614000 0.664000
373 3 1 400 0.423000 0.616000 0.658000
373 3 0 800 0.325000 0.221000 0.377000
373 3 1 800 0.315000 0.227000 0.392000
373 4 0 400 0.530000 0.448000 0.668000
373 4 1 400 0.547000 0.452000 0.679000
393 2 0 400 0.191000 0.262000 0.289000
393 2 1 400 0.192000 0.274000 0.301000
393 2 0 400 0.367000 0.550000 0.566000
393 2 1 400 0.372000 0.553000 0.571000
393 2 0 800 0.210000 0.282000 0.434000
393 2 1 800 0.209000 0.289000 0.448000
393 3 0 400 0.406000 0.566000 0.674000
393 3 1 400 0.402000 0.576000 0.682000
393 3 0 800 0.357000 0.187000 0.425000
393 3 1 800 0.361000 0.193000 0.434000
393 4 0 400 0.572000 0.405000 0.692000
393 4 1 400 0.581000 0.414000 0.706000
403 2 0 400 0.167000 0.295000 0.286000
403 2 1 400 0.170000 0.289000 0.289000
403 2 0 400 0.341000 0.573000 0.566000
403 2 1 400 0.339000 0.574000 0.563000
403 2 0 800 0.177000 0.307000 0.301000
403 2 1 800 0.177000 0.308000 0.300000
403 3 0 400 0.367000 0.595000 0.585000
403 3 1 400 0.366000 0.592000 0.585000
403 3 0 800 0.217000 0.221000 0.307000
403 3 1 800 0.208000 0.218000 0.310000
403 4 0 400 0.439000 0.432000 0.599000
403 4 1 400 0.430000 0.431000 0.595000
413 2 0 400 0.185000 0.307000 0.312000
413 2 1 400 0.180000 0.297000 0.303000
413 2 0 400 0.368000 0.584000 0.581000
413 2 1 400 0.364000 0.577000 0.574000
413 2 0 800 0.203000 0.306000 0.441000
413 2 1 800 0.201000 0.303000 0.416000
413 3 0 400 0.405000 0.587000 0.693000
413 3 1 400 0.388000 0.584000 0.695000
413 3 0 800 0.366000 0.215000 0.447000
413 3 1 800 0.361000 0.222000 0.442000
413 4 0 400 0.571000 0.445000 0.700000
413 4 1 400 0.565000 0.440000 0.700000
423 2 0 400 0.192000 0.320000 0.305000
423 2 1 400 0.193000 0.321000 0.305000
423 2 0 400 0.652000 0.597000 0.581000
423 2 1 400 0.653000 0.599000 0.578000
423 2 0 800 0.207000 0.306000 0.388000
423 2 1 800 0.218000 0.322000 0.391000
423 3 0 400 0.415000 0.597000 0.662000
423 3 1 400 0.415000 0.597000 0.658000
423 3 0 800 0.344000 0.251000 0.387000
423 3 1 800 0.330000 0.247000 0.390000
423 4 0 400 0.535000 0.460000 0.667000
423 4 1 400 0.542000 0.458000 0.656000
433 2 0 400 0.202000 0.290000 0.287000
433 2 1 400 0.201000 0.287000 0.282000
433 2 0 400 0.376000 0.558000 0.546000
433 2 1 400 0.363000 0.553000 0.545000
433 2 0 800 0.220000 0.291000 0.006000
433 2 1 800 0.213000 0.276000 0.001000
433 3 0 400 0.416000 0.567000 0.006000
433 3 1 400 0.403000 0.557000 0.002000
433 3 0 800 0.003000 0.006000 0.005000
433 3 1 800 0.003000 0.001000 0.003000
433 4 0 400 0.006000 0.010000 0.003000
433 4 1 400 0.003000 0.003000 0.003000
375 2 0 400 0.171000 0.303000 0.294000
375 2 1 400 0.181000 0.308000 0.299000
375 2 0 400 0.350000 0.602000 0.580000
375 2 1 400 0.352000 0.593000 0.580000
375 2 0 800 0.196000 0.316000 0.313000
375 2 1 800 0.203000 0.314000 0.321000
375 3 0 400 0.397000 0.614000 0.617000
375 3 1 400 0.392000 0.602000 0.602000
375 3 0 800 0.239000 0.244000 0.323000
375 3 1 800 0.246000 0.246000 0.325000
375 4 0 400 0.475000 0.476000 0.611000
375 4 1 400 0.459000 0.463000 0.613000
385 2 0 400 0.166000 0.310000 0.292000
385 2 1 400 0.165000 0.322000 0.306000
385 2 0 400 0.347000 0.620000 0.592000
385 2 1 400 0.359000 0.615000 0.587000
385 2 0 800 0.173000 0.316000 0.004000
385 2 1 800 0.182000 0.329000 0.009000
385 3 0 400 0.376000 0.622000 0.008000
385 3 1 400 0.390000 0.627000 0.003000
385 3 0 800 0.002000 0.220000 0.008000
385 3 1 800 0.001000 0.234000 0.003000
385 4 0 400 0.001000 0.454000 0.005000
385 4 1 400 0.003000 0.460000 0.011000
395 2 0 400 0.175000 0.318000 0.284000
395 2 1 400 0.164000 0.317000 0.286000
395 2 0 400 0.347000 0.603000 0.567000
395 2 1 400 0.349000 0.601000 0.569000
395 2 0 800 0.188000 0.319000 0.327000
395 2 1 800 0.182000 0.318000 0.325000
395 3 0 400 0.384000 0.615000 0.622000
395 3 1 400 0.377000 0.613000 0.604000
395 3 0 800 0.254000 0.233000 0.328000
395 3 1 800 0.242000 0.233000 0.326000
395 4 0 400 0.477000 0.469000 0.620000
395 4 1 400 0.475000 0.450000 0.617000
384 2 0 400 0.155000 0.292000 0.293000
384 2 1 400 0.139000 0.289000 0.285000
384 2 0 400 0.343000 0.609000 0.593000
384 2 1 400 0.335000 0.612000 0.595000
384 2 0 800 0.177000 0.302000 0.301000
384 2 1 800 0.167000 0.303000 0.305000
384 3 0 400 0.395000 0.633000 0.633000
384 3 1 400 0.382000 0.632000 0.614000
384 3 0 800 0.209000 0.212000 0.313000
384 3 1 800 0.202000 0.213000 0.306000
384 4 0 400 0.451000 0.453000 0.633000
384 4 1 400 0.459000 0.459000 0.635000
373 2 0 400 0.175000 0.352000 0.312000
373 2 1 400 0.195000 0.292000 0.289000
373 2 0 400 0.371000 0.671000 0.630000
373 2 1 400 0.378000 0.603000 0.593000
373 2 0 800 0.193000 0.391000 0.390000
373 2 1 800 0.210000 0.308000 0.350000
373 3 0 400 0.419000 0.707000 0.709000
373 3 1 400 0.414000 0.620000 0.654000
373 3 0 800 0.280000 0.272000 0.391000
373 3 1 800 0.290000 0.213000 0.359000
373 4 0 400 0.529000 0.512000 0.708000
373 4 1 400 0.524000 0.453000 0.665000
393 2 0 400 0.187000 0.264000 0.303000
393 2 1 400 0.185000 0.260000 0.292000
393 2 0 400 0.382000 0.573000 0.611000
393 2 1 400 0.365000 0.558000 0.579000
393 2 0 800 0.206000 0.264000 0.380000
393 2 1 800 0.200000 0.267000 0.362000
393 3 0 400 0.418000 0.584000 0.688000
393 3 1 400 0.406000 0.576000 0.632000
393 3 0 800 0.302000 0.174000 0.380000
393 3 1 800 0.282000 0.178000 0.356000
393 4 0 400 0.532000 0.421000 0.687000
393 4 1 400 0.510000 0.406000 0.635000
403 2 0 400 0.167000 0.290000 0.287000
403 2 1 400 0.168000 0.298000 0.290000
403 2 0 400 0.346000 0.578000 0.568000
403 2 1 400 0.349000 0.585000 0.569000
403 2 0 800 0.180000 0.302000 0.295000
403 2 1 800 0.178000 0.320000 0.299000
403 3 0 400 0.377000 0.598000 0.587000
403 3 1 400 0.375000 0.603000 0.586000
403 3 0 800 0.208000 0.216000 0.306000
403 3 1 800 0.209000 0.217000 0.308000
403 4 0 400 0.438000 0.430000 0.599000
403 4 1 400 0.430000 0.441000 0.595000
413 2 0 400 0.169000 0.295000 0.294000
413 2 1 400 0.155000 0.300000 0.314000
413 2 0 400 0.344000 0.583000 0.586000
413 2 1 400 0.346000 0.594000 0.615000
413 2 0 800 0.185000 0.294000 0.314000
413 2 1 800 0.178000 0.312000 0.334000
413 3 0 400 0.386000 0.597000 0.608000
413 3 1 400 0.395000 0.613000 0.635000
413 3 0 800 0.223000 0.209000 0.314000
413 3 1 800 0.214000 0.213000 0.334000
413 4 0 400 0.456000 0.446000 0.616000
413 4 1 400 0.455000 0.454000 0.635000
423 2 0 400 0.002000 0.005000 0.004000
423 2 1 400 0.182000 0.295000 0.291000
423 2 0 400 0.375000 0.602000 0.582000
423 2 1 400 0.369000 0.600000 0.578000
423 2 0 800 0.218000 0.308000 0.004000
423 2 1 800 0.203000 0.296000 0.003000
423 3 0 400 0.414000 0.602000 0.003000
423 3 1 400 0.407000 0.599000 0.004000
423 3 0 800 0.001000 0.007000 0.002000
423 3 1 800 0.010000 0.002000 0.004000
423 4 0 400 0.004000 0.002000 0.007000
423 4 1 400 0.003000 0.003000 0.003000
433 2 0 400 0.194000 0.282000 0.266000
433 2 1 400 0.198000 0.282000 0.270000
433 2 0 400 0.366000 0.566000 0.547000
433 2 1 400 0.373000 0.556000 0.539000
433 2 0 800 0.215000 0.276000 0.002000
433 2 1 800 0.210000 0.282000 0.002000
433 3 0 400 0.408000 0.568000 0.003000
433 3 1 400 0.404000 0.556000 0.008000
433 3 0 800 0.005000 0.002000 0.008000
433 3 1 800 0.010000 0.002000 0.011000
433 4 0 400 0.002000 0.002000 0.007000
433 4 1 400 0.004000 0.010000 0.002000
375 2 0 400 0.203000 0.373000 0.373000
375 2 1 400 0.132000 0.313000 0.356000
375 2 0 400 0.395000 0.710000 0.712000
375 2 1 400 0.333000 0.633000 0.673000
375 2 0 800 0.221000 0.372000 0.007000
375 2 1 800 1.269900 1.269900 0.001000
375 3 0 400 0.443000 0.712000 0.002000
375 3 1 400 1.269000 1.268800 0.001000
375 3 0 800 0.010000 0.297000 0.011000
375 3 1 800 0.008000 1.265300 0.004000
375 4 0 400 0.012000 0.562000 0.009000
375 4 1 400 0.002000 1.270800 0.002000
385 2 0 400 0.145000 0.334000 0.316000
385 2 1 400 0.150000 0.301000 0.288000
385 2 0 400 0.353000 0.695000 0.675000
385 2 1 400 0.346000 0.632000 0.602000
385 2 0 800 0.168000 0.353000 0.005000
385 2 1 800 0.166000 0.314000 0.006000
385 3 0 400 0.399000 0.708000 0.011000
385 3 1 400 0.387000 0.641000 0.003000
385 3 0 800 0.002000 0.240000 0.012000
385 3 1 800 0.000000 0.210000 0.003000
385 4 0 400 0.002000 0.504000 0.003000
385 4 1 400 0.000000 0.464000 0.004000
395 2 0 400 0.134000 0.322000 0.283000
395 2 1 400 0.131000 0.369000 0.309000
395 2 0 400 0.335000 0.646000 0.591000
395 2 1 400 0.328000 0.663000 0.625000
395 2 0 800 0.173000 0.321000 0.331000
395 2 1 800 0.151000 0.365000 0.348000
395 3 0 400 0.382000 0.646000 0.648000
395 3 1 400 0.377000 0.681000 0.663000
395 3 0 800 0.244000 0.224000 0.335000
395 3 1 800 0.230000 0.270000 0.349000
395 4 0 400 0.486000 0.480000 0.648000
395 4 1 400 0.490000 0.504000 0.683000
