384 1 0 100 0.058 0.063 0.063
384 1 1 100 0.048 0.062 0.072
384 2 0 100 0.07 0.075 0.074
384 2 1 100 0.057 0.072 0.072
384 3 0 100 0.065 0.074 0.073
384 3 1 100 0.057 0.071 0.081
384 4 0 100 0.066 0.074 0.073
384 4 1 100 0.061 0.072 0.082
384 5 0 100 0.061 0.062 0.077
384 5 1 100 0.053 0.071 0.072
384 6 0 100 0.068 0.077 0.074
384 6 1 100 0.058 0.072 0.072
384 7 0 100 0.088 0.086 0.088
384 7 1 100 0.065 0.081 0.091
384 1 0 200 0.14 0.142 0.154
384 1 1 200 0.13 0.148 0.15
384 2 0 200 0.146 0.154 0.155
384 2 1 200 0.139 0.149 0.164
384 3 0 200 0.157 0.154 0.164
384 3 1 200 0.139 0.159 0.169
384 4 0 200 0.155 0.153 0.171
384 4 1 200 0.141 0.159 0.169
384 5 0 200 0.148 0.154 0.153
384 5 1 200 0.139 0.162 0.169
384 6 0 200 0.155 0.153 0.168
384 6 1 200 0.14 0.159 0.169
384 7 0 200 0.168 0.172 0.179
384 7 1 200 0.149 0.168 0.172
384 1 0 300 0.235 0.231 0.233
384 1 1 300 0.217 0.236 0.247
384 2 0 300 0.235 0.23 0.234
384 2 1 300 0.228 0.235 0.247
384 3 0 300 0.246 0.244 0.249
384 3 1 300 0.232 0.248 0.246
384 4 0 300 0.248 0.254 0.253
384 4 1 300 0.239 0.247 0.248
384 5 0 300 0.247 0.247 0.253
384 5 1 300 0.226 0.246 0.247
384 6 0 300 0.245 0.244 0.249
384 6 1 300 0.236 0.248 0.246
384 7 0 300 0.258 0.254 0.263
384 7 1 300 0.241 0.256 0.266
384 1 0 400 0.325 0.338 0.336
384 1 1 400 0.313 0.333 0.343
384 2 0 400 0.336 0.338 0.336
384 2 1 400 0.317 0.333 0.334
384 3 0 400 0.336 0.342 0.343
384 3 1 400 0.324 0.342 0.345
384 4 0 400 0.349 0.342 0.355
384 4 1 400 0.333 0.343 0.345
384 5 0 400 0.337 0.343 0.346
384 5 1 400 0.323 0.342 0.344
384 6 0 400 0.341 0.344 0.347
384 6 1 400 0.335 0.343 0.344
384 7 0 400 0.344 0.353 0.354
384 7 1 400 0.335 0.362 0.364
384 1 0 500 0.417 0.433 0.435
384 1 1 500 0.409 0.429 0.42
384 2 0 500 0.42 0.419 0.418
384 2 1 500 0.402 0.42 0.422
384 3 0 500 0.435 0.433 0.435
384 3 1 500 0.42 0.441 0.441
384 4 0 500 0.437 0.448 0.433
384 4 1 500 0.42 0.44 0.44
384 5 0 500 0.429 0.428 0.434
384 5 1 500 0.419 0.44 0.441
384 6 0 500 0.436 0.432 0.432
384 6 1 500 0.42 0.438 0.441
384 7 0 500 0.445 0.452 0.454
384 7 1 500 0.429 0.459 0.46
384 1 0 600 0.504 0.515 0.516
384 1 1 600 0.498 0.516 0.519
384 2 0 600 0.502 0.513 0.513
384 2 1 600 0.487 0.516 0.499
384 3 0 600 0.516 0.515 0.532
384 3 1 600 0.505 0.526 0.538
384 4 0 600 0.516 0.532 0.534
384 4 1 600 0.517 0.536 0.538
384 5 0 600 0.517 0.532 0.526
384 5 1 600 0.506 0.534 0.538
384 6 0 600 0.517 0.53 0.533
384 6 1 600 0.518 0.536 0.539
384 7 0 600 0.529 0.542 0.541
384 7 1 600 0.527 0.548 0.537
384 1 0 700 0.597 0.608 0.614
384 1 1 700 0.594 0.614 0.614
384 2 0 700 0.577 0.587 0.593
384 2 1 700 0.575 0.594 0.596
384 3 0 700 0.614 0.61 0.614
384 3 1 700 0.604 0.632 0.616
384 4 0 700 0.6 0.612 0.607
384 4 1 700 0.602 0.639 0.616
384 5 0 700 0.6 0.61 0.613
384 5 1 700 0.591 0.632 0.615
384 6 0 700 0.616 0.612 0.614
384 6 1 700 0.614 0.638 0.615
384 7 0 700 0.616 0.633 0.634
384 7 1 700 0.614 0.653 0.655
384 1 0 800 0.675 0.693 0.692
384 1 1 800 0.691 0.692 0.693
384 2 0 800 0.662 0.673 0.679
384 2 1 800 0.653 0.691 0.693
384 3 0 800 0.694 0.717 0.713
384 3 1 800 0.71 0.73 0.73
384 4 0 800 0.694 0.717 0.713
384 4 1 800 0.692 0.71 0.713
384 5 0 800 0.695 0.714 0.714
384 5 1 800 0.689 0.728 0.713
384 6 0 800 0.695 0.712 0.713
384 6 1 800 0.691 0.729 0.732
384 7 0 800 0.716 0.731 0.734
384 7 1 800 0.711 0.73 0.732
384 1 0 900 0.76 0.772 0.771
384 1 1 900 0.768 0.787 0.77
384 2 0 900 0.736 0.749 0.753
384 2 1 900 0.73 0.771 0.771
384 3 0 900 0.775 0.793 0.814
384 3 1 900 0.791 0.826 0.809
384 4 0 900 0.755 0.771 0.794
384 4 1 900 0.769 0.806 0.789
384 5 0 900 0.753 0.793 0.794
384 5 1 900 0.768 0.808 0.789
384 6 0 900 0.771 0.793 0.794
384 6 1 900 0.788 0.808 0.808
384 7 0 900 0.768 0.814 0.815
384 7 1 900 0.788 0.827 0.81
384 1 0 1000 0.816 0.833 0.833
384 1 1 1000 0.826 0.846 0.847
384 2 0 1000 0.796 0.843 0.833
384 2 1 1000 0.808 0.847 0.829
384 3 0 1000 0.836 0.873 0.873
384 3 1 1000 0.866 0.8848 0.8871
384 4 0 1000 0.815 0.83 0.854
384 4 1 1000 0.845 0.865 0.848
384 5 0 1000 0.82 0.853 0.851
384 5 1 1000 0.846 0.8818 0.846
384 6 0 1000 0.837 0.877 0.865
384 6 1 1000 0.838 0.885 0.868
384 7 0 1000 0.835 0.873 0.873
384 7 1 1000 0.843 0.884 0.886
373 1 0 100 0.079 0.114 0.093
373 1 1 100 0.097 0.063 0.075
373 2 0 100 0.074 0.112 0.092
373 2 1 100 0.103 0.065 0.077
373 3 0 100 0.083 0.133 0.113
373 3 1 100 0.101 0.067 0.084
373 4 0 100 0.094 0.153 0.114
373 4 1 100 0.111 0.075 0.086
373 5 0 100 0.086 0.129 0.112
373 5 1 100 0.106 0.07 0.081
373 6 0 100 0.1 0.154 0.113
373 6 1 100 0.112 0.088 0.09
373 7 0 100 0.153 0.192 0.174
373 7 1 100 0.177 0.142 0.147
373 1 0 200 0.176 0.233 0.194
373 1 1 200 0.184 0.149 0.163
373 2 0 200 0.164 0.207 0.192
373 2 1 200 0.185 0.147 0.157
373 3 0 200 0.178 0.232 0.188
373 3 1 200 0.193 0.155 0.166
373 4 0 200 0.183 0.226 0.193
373 4 1 200 0.195 0.162 0.17
373 5 0 200 0.178 0.228 0.194
373 5 1 200 0.192 0.157 0.168
373 6 0 200 0.183 0.233 0.192
373 6 1 200 0.199 0.162 0.177
373 7 0 200 0.253 0.312 0.272
373 7 1 200 0.266 0.231 0.243
373 1 0 300 0.26 0.312 0.272
373 1 1 300 0.27 0.238 0.251
373 2 0 300 0.25 0.312 0.273
373 2 1 300 0.262 0.227 0.239
373 3 0 300 0.263 0.312 0.272
373 3 1 300 0.284 0.247 0.259
373 4 0 300 0.272 0.312 0.291
373 4 1 300 0.281 0.249 0.264
373 5 0 300 0.273 0.311 0.291
373 5 1 300 0.281 0.249 0.258
373 6 0 300 0.269 0.312 0.292
373 6 1 300 0.286 0.254 0.262
373 7 0 300 0.353 0.391 0.371
373 7 1 300 0.355 0.333 0.339
373 1 0 400 0.362 0.391 0.371
373 1 1 400 0.362 0.335 0.345
373 2 0 400 0.356 0.392 0.351
373 2 1 400 0.346 0.313 0.34
373 3 0 400 0.362 0.392 0.371
373 3 1 400 0.367 0.352 0.351
373 4 0 400 0.37 0.41 0.392
373 4 1 400 0.374 0.342 0.36
373 5 0 400 0.371 0.413 0.391
373 5 1 400 0.366 0.341 0.35
373 6 0 400 0.375 0.408 0.396
373 6 1 400 0.378 0.349 0.36
373 7 0 400 0.452 0.49 0.469
373 7 1 400 0.454 0.42 0.435
373 1 0 500 0.452 0.51 0.471
373 1 1 500 0.449 0.413 0.421
373 2 0 500 0.43 0.471 0.452
373 2 1 500 0.429 0.401 0.414
373 3 0 500 0.446 0.512 0.47
373 3 1 500 0.458 0.431 0.441
373 4 0 500 0.472 0.515 0.47
373 4 1 500 0.464 0.43 0.448
373 5 0 500 0.472 0.51 0.471
373 5 1 500 0.457 0.432 0.442
373 6 0 500 0.472 0.511 0.466
373 6 1 500 0.464 0.434 0.451
373 7 0 500 0.545 0.59 0.572
373 7 1 500 0.546 0.505 0.532
373 1 0 600 0.551 0.59 0.549
373 1 1 600 0.533 0.511 0.523
373 2 0 600 0.531 0.549 0.548
373 2 1 600 0.514 0.482 0.505
373 3 0 600 0.516 0.589 0.55
373 3 1 600 0.547 0.518 0.528
373 4 0 600 0.55 0.589 0.569
373 4 1 600 0.545 0.519 0.533
373 5 0 600 0.547 0.589 0.571
373 5 1 600 0.545 0.512 0.532
373 6 0 600 0.562 0.588 0.574
373 6 1 600 0.549 0.523 0.542
373 7 0 600 0.63 0.669 0.65
373 7 1 600 0.617 0.593 0.615
373 1 0 700 0.63 0.674 0.651
373 1 1 700 0.619 0.594 0.604
373 2 0 700 0.603 0.629 0.629
373 2 1 700 0.59 0.563 0.584
373 3 0 700 0.64 0.67 0.65
373 3 1 700 0.627 0.605 0.614
373 4 0 700 0.65 0.669 0.67
373 4 1 700 0.626 0.606 0.614
373 5 0 700 0.651 0.669 0.669
373 5 1 700 0.624 0.604 0.614
373 6 0 700 0.655 0.686 0.669
373 6 1 700 0.634 0.602 0.624
373 7 0 700 0.729 0.747 0.749
373 7 1 700 0.711 0.688 0.696
373 1 0 800 0.729 0.747 0.746
373 1 1 800 0.698 0.676 0.698
373 2 0 800 0.713 0.729 0.71
373 2 1 800 0.668 0.644 0.657
373 3 0 800 0.75 0.788 0.755
373 3 1 800 0.708 0.686 0.706
373 4 0 800 0.748 0.767 0.749
373 4 1 800 0.711 0.685 0.707
373 5 0 800 0.749 0.768 0.75
373 5 1 800 0.711 0.685 0.695
373 6 0 800 0.749 0.787 0.747
373 6 1 800 0.712 0.697 0.706
373 7 0 800 0.829 0.867 0.83
373 7 1 800 0.779 0.768 0.78
373 1 0 900 0.827 0.821 0.828
373 1 1 900 0.768 0.748 0.764
373 2 0 900 0.789 0.808 0.788
373 2 1 900 0.741 0.717 0.737
373 3 0 900 0.828 0.867 0.828
373 3 1 900 0.778 0.768 0.787
373 4 0 900 0.828 0.867 0.827
373 4 1 900 0.78 0.757 0.778
373 5 0 900 0.833 0.867 0.828
373 5 1 900 0.779 0.758 0.77
373 6 0 900 0.829 0.866 0.832
373 6 1 900 0.778 0.766 0.788
373 7 0 900 0.868 0.907 0.887
373 7 1 900 0.82 0.807 0.833
373 1 0 1000 0.889 0.906 0.904
373 1 1 1000 0.83 0.819 0.833
373 2 0 1000 0.848 0.867 0.868
373 2 1 1000 0.8 0.79 0.81
373 3 0 1000 0.908 0.946 0.907
373 3 1 1000 0.85 0.829 0.847
373 4 0 1000 0.908 0.906 0.908
373 4 1 1000 0.834 0.817 0.848
373 5 0 1000 0.908 0.906 0.904
373 5 1 1000 0.831 0.828 0.828
373 6 0 1000 0.907 0.946 0.906
373 6 1 1000 0.842 0.827 0.848
373 7 0 1000 0.948 0.9854 0.946
373 7 1 1000 0.871 0.87 0.889
393 1 0 100 0.092 0.034 0.096
393 1 1 100 0.094 0.04 0.083
393 2 0 100 0.108 0.036 0.094
393 2 1 100 0.098 0.045 0.092
393 3 0 100 0.102 0.032 0.091
393 3 1 100 0.103 0.05 0.093
393 4 0 100 0.108 0.033 0.094
393 4 1 100 0.103 0.05 0.095
393 5 0 100 0.106 0.044 0.11
393 5 1 100 0.102 0.05 0.097
393 6 0 100 0.111 0.032 0.097
393 6 1 100 0.103 0.052 0.091
393 7 0 100 0.168 0.112 0.16
393 7 1 100 0.168 0.11 0.153
393 1 0 200 0.187 0.11 0.169
393 1 1 200 0.174 0.127 0.17
393 2 0 200 0.185 0.11 0.187
393 2 1 200 0.18 0.127 0.17
393 3 0 200 0.184 0.118 0.191
393 3 1 200 0.185 0.129 0.175
393 4 0 200 0.187 0.116 0.187
393 4 1 200 0.185 0.132 0.174
393 5 0 200 0.183 0.128 0.187
393 5 1 200 0.189 0.137 0.18
393 6 0 200 0.186 0.127 0.187
393 6 1 200 0.188 0.139 0.18
393 7 0 200 0.255 0.187 0.242
393 7 1 200 0.252 0.199 0.243
393 1 0 300 0.283 0.205 0.264
393 1 1 300 0.263 0.209 0.252
393 2 0 300 0.261 0.205 0.264
393 2 1 300 0.256 0.205 0.248
393 3 0 300 0.283 0.207 0.262
393 3 1 300 0.274 0.219 0.262
393 4 0 300 0.281 0.206 0.285
393 4 1 300 0.272 0.218 0.262
393 5 0 300 0.283 0.215 0.282
393 5 1 300 0.273 0.22 0.263
393 6 0 300 0.281 0.207 0.283
393 6 1 300 0.272 0.221 0.261
393 7 0 300 0.361 0.283 0.342
393 7 1 300 0.34 0.288 0.329
393 1 0 400 0.38 0.303 0.359
393 1 1 400 0.356 0.302 0.34
393 2 0 400 0.358 0.282 0.361
393 2 1 400 0.344 0.286 0.329
393 3 0 400 0.379 0.303 0.359
393 3 1 400 0.359 0.307 0.349
393 4 0 400 0.384 0.304 0.379
393 4 1 400 0.36 0.307 0.349
393 5 0 400 0.381 0.315 0.38
393 5 1 400 0.366 0.311 0.354
393 6 0 400 0.387 0.307 0.38
393 6 1 400 0.365 0.307 0.349
393 7 0 400 0.456 0.379 0.436
393 7 1 400 0.434 0.379 0.416
393 1 0 500 0.457 0.406 0.457
393 1 1 500 0.437 0.384 0.426
393 2 0 500 0.455 0.38 0.433
393 2 1 500 0.428 0.367 0.412
393 3 0 500 0.48 0.395 0.461
393 3 1 500 0.447 0.395 0.437
393 4 0 500 0.475 0.396 0.456
393 4 1 500 0.448 0.393 0.436
393 5 0 500 0.48 0.406 0.457
393 5 1 500 0.448 0.4 0.436
393 6 0 500 0.476 0.4 0.454
393 6 1 500 0.447 0.393 0.436
393 7 0 500 0.533 0.472 0.533
393 7 1 500 0.509 0.456 0.5
393 1 0 600 0.555 0.477 0.528
393 1 1 600 0.522 0.473 0.511
393 2 0 600 0.524 0.482 0.534
393 2 1 600 0.504 0.45 0.49
393 3 0 600 0.552 0.484 0.527
393 3 1 600 0.535 0.467 0.519
393 4 0 600 0.57 0.495 0.555
393 4 1 600 0.529 0.475 0.519
393 5 0 600 0.569 0.495 0.552
393 5 1 600 0.529 0.476 0.52
393 6 0 600 0.571 0.495 0.553
393 6 1 600 0.535 0.48 0.518
393 7 0 600 0.632 0.551 0.61
393 7 1 600 0.59 0.54 0.581
393 1 0 700 0.65 0.573 0.63
393 1 1 700 0.602 0.553 0.587
393 2 0 700 0.61 0.555 0.611
393 2 1 700 0.583 0.528 0.56
393 3 0 700 0.648 0.572 0.63
393 3 1 700 0.618 0.562 0.602
393 4 0 700 0.648 0.57 0.649
393 4 1 700 0.612 0.556 0.59
393 5 0 700 0.65 0.593 0.649
393 5 1 700 0.612 0.561 0.6
393 6 0 700 0.65 0.573 0.649
393 6 1 700 0.609 0.56 0.601
393 7 0 700 0.723 0.652 0.706
393 7 1 700 0.672 0.62 0.654
393 1 0 800 0.726 0.654 0.725
393 1 1 800 0.681 0.631 0.665
393 2 0 800 0.687 0.631 0.687
393 2 1 800 0.652 0.604 0.633
393 3 0 800 0.744 0.668 0.726
393 3 1 800 0.693 0.635 0.675
393 4 0 800 0.725 0.669 0.725
393 4 1 800 0.688 0.637 0.673
393 5 0 800 0.724 0.669 0.724
393 5 1 800 0.684 0.639 0.676
393 6 0 800 0.722 0.67 0.726
393 6 1 800 0.69 0.641 0.674
393 7 0 800 0.804 0.727 0.803
393 7 1 800 0.746 0.693 0.723
393 1 0 900 0.802 0.74 0.802
393 1 1 900 0.745 0.703 0.693
393 2 0 900 0.802 0.723 0.765
393 2 1 900 0.725 0.678 0.703
393 3 0 900 0.841 0.765 0.802
393 3 1 900 0.767 0.712 0.746
393 4 0 900 0.845 0.739 0.814
393 4 1 900 0.755 0.715 0.736
393 5 0 900 0.841 0.764 0.812
393 5 1 900 0.754 0.714 0.739
393 6 0 900 0.84 0.767 0.803
393 6 1 900 0.756 0.714 0.778
393 7 0 900 0.879 0.801 0.878
393 7 1 900 0.797 0.754 0.786
393 1 0 1000 0.88 0.803 0.881
393 1 1 1000 0.793 0.765 0.786
393 2 0 1000 0.841 0.805 0.837
393 2 1 1000 0.776 0.737 0.757
393 3 0 1000 0.918 0.843 0.877
393 3 1 1000 0.817 0.775 0.796
393 4 0 1000 0.879 0.823 0.88
393 4 1 1000 0.805 0.766 0.799
393 5 0 1000 0.873 0.842 0.876
393 5 1 1000 0.817 0.774 0.796
393 6 0 1000 0.84 0.842 0.879
393 6 1 1000 0.817 0.777 0.798
393 7 0 1000 0.964 0.88 0.919
393 7 1 1000 0.859 0.817 0.837
403 1 0 100 0.069 0.066 0.09
403 1 1 100 0.064 0.075 0.081
403 2 0 100 0.067 0.074 0.094
403 2 1 100 0.067 0.083 0.086
403 3 0 100 0.083 0.093 0.095
403 3 1 100 0.085 0.089 0.095
403 4 0 100 0.088 0.089 0.103
403 4 1 100 0.08 0.093 0.096
403 5 0 100 0.075 0.086 0.096
403 5 1 100 0.075 0.087 0.094
403 6 0 100 0.086 0.09 0.1
403 6 1 100 0.086 0.09 0.101
403 7 0 100 0.087 0.087 0.103
403 7 1 100 0.081 0.093 0.104
403 1 0 200 0.155 0.155 0.176
403 1 1 200 0.156 0.163 0.172
403 2 0 200 0.156 0.156 0.172
403 2 1 200 0.151 0.161 0.173
403 3 0 200 0.17 0.177 0.186
403 3 1 200 0.173 0.177 0.189
403 4 0 200 0.174 0.175 0.187
403 4 1 200 0.173 0.177 0.182
403 5 0 200 0.174 0.17 0.182
403 5 1 200 0.167 0.173 0.182
403 6 0 200 0.17 0.176 0.19
403 6 1 200 0.171 0.177 0.188
403 7 0 200 0.174 0.179 0.185
403 7 1 200 0.171 0.177 0.187
403 1 0 300 0.244 0.24 0.254
403 1 1 300 0.244 0.248 0.255
403 2 0 300 0.236 0.235 0.247
403 2 1 300 0.231 0.238 0.249
403 3 0 300 0.259 0.258 0.261
403 3 1 300 0.258 0.262 0.268
403 4 0 300 0.259 0.256 0.264
403 4 1 300 0.252 0.259 0.269
403 5 0 300 0.253 0.258 0.266
403 5 1 300 0.252 0.258 0.267
403 6 0 300 0.257 0.257 0.263
403 6 1 300 0.258 0.262 0.272
403 7 0 300 0.258 0.252 0.27
403 7 1 300 0.259 0.263 0.269
403 1 0 400 0.334 0.332 0.337
403 1 1 400 0.333 0.334 0.34
403 2 0 400 0.317 0.316 0.333
403 2 1 400 0.319 0.319 0.33
403 3 0 400 0.348 0.349 0.36
403 3 1 400 0.344 0.348 0.36
403 4 0 400 0.342 0.342 0.352
403 4 1 400 0.339 0.344 0.357
403 5 0 400 0.339 0.341 0.351
403 5 1 400 0.339 0.344 0.355
403 6 0 400 0.347 0.346 0.358
403 6 1 400 0.345 0.349 0.36
403 7 0 400 0.344 0.347 0.357
403 7 1 400 0.343 0.349 0.361
403 1 0 500 0.412 0.412 0.432
403 1 1 500 0.41 0.415 0.426
403 2 0 500 0.399 0.398 0.406
403 2 1 500 0.397 0.4 0.408
403 3 0 500 0.432 0.428 0.446
403 3 1 500 0.431 0.435 0.442
403 4 0 500 0.427 0.436 0.438
403 4 1 500 0.426 0.43 0.431
403 5 0 500 0.422 0.429 0.435
403 5 1 500 0.426 0.431 0.435
403 6 0 500 0.433 0.425 0.447
403 6 1 500 0.43 0.434 0.447
403 7 0 500 0.427 0.428 0.441
403 7 1 500 0.432 0.434 0.442
403 1 0 600 0.504 0.5 0.509
403 1 1 600 0.497 0.5 0.508
403 2 0 600 0.466 0.464 0.494
403 2 1 600 0.471 0.475 0.483
403 3 0 600 0.513 0.511 0.524
403 3 1 600 0.512 0.517 0.523
403 4 0 600 0.517 0.508 0.52
403 4 1 600 0.505 0.511 0.524
403 5 0 600 0.511 0.507 0.519
403 5 1 600 0.506 0.512 0.523
403 6 0 600 0.516 0.512 0.529
403 6 1 600 0.511 0.515 0.529
403 7 0 600 0.515 0.516 0.524
403 7 1 600 0.513 0.515 0.528
403 1 0 700 0.578 0.575 0.584
403 1 1 700 0.577 0.577 0.589
403 2 0 700 0.552 0.546 0.557
403 2 1 700 0.555 0.554 0.56
403 3 0 700 0.598 0.593 0.605
403 3 1 700 0.593 0.598 0.605
403 4 0 700 0.595 0.587 0.599
403 4 1 700 0.588 0.588 0.6
403 5 0 700 0.587 0.588 0.599
403 5 1 700 0.588 0.594 0.597
403 6 0 700 0.595 0.587 0.604
403 6 1 700 0.592 0.595 0.612
403 7 0 700 0.593 0.587 0.603
403 7 1 700 0.593 0.591 0.604
403 1 0 800 0.659 0.65 0.668
403 1 1 800 0.654 0.655 0.661
403 2 0 800 0.629 0.619 0.633
403 2 1 800 0.624 0.623 0.627
403 3 0 800 0.674 0.676 0.68
403 3 1 800 0.674 0.67 0.68
403 4 0 800 0.674 0.662 0.676
403 4 1 800 0.665 0.664 0.676
403 5 0 800 0.674 0.666 0.674
403 5 1 800 0.663 0.664 0.675
403 6 0 800 0.674 0.664 0.68
403 6 1 800 0.67 0.67 0.68
403 7 0 800 0.677 0.666 0.68
403 7 1 800 0.669 0.671 0.679
403 1 0 900 0.735 0.706 0.73
403 1 1 900 0.726 0.715 0.726
403 2 0 900 0.699 0.689 0.698
403 2 1 900 0.695 0.69 0.702
403 3 0 900 0.744 0.731 0.746
403 3 1 900 0.74 0.736 0.747
403 4 0 900 0.735 0.719 0.741
403 4 1 900 0.732 0.725 0.744
403 5 0 900 0.739 0.72 0.741
403 5 1 900 0.731 0.724 0.748
403 6 0 900 0.743 0.732 0.746
403 6 1 900 0.737 0.732 0.746
403 7 0 900 0.743 0.73 0.747
403 7 1 900 0.737 0.731 0.742
403 1 0 1000 0.781 0.756 0.779
403 1 1 1000 0.776 0.765 0.777
403 2 0 1000 0.753 0.739 0.748
403 2 1 1000 0.749 0.746 0.752
403 3 0 1000 0.801 0.781 0.801
403 3 1 1000 0.792 0.782 0.798
403 4 0 1000 0.78 0.771 0.786
403 4 1 1000 0.781 0.778 0.789
403 5 0 1000 0.785 0.765 0.785
403 5 1 1000 0.782 0.777 0.787
403 6 0 1000 0.789 0.769 0.801
403 6 1 1000 0.784 0.775 0.793
403 7 0 1000 0.785 0.769 0.786
403 7 1 1000 0.786 0.778 0.791
413 1 0 100 0.086 0.09 0.092
413 1 1 100 0.075 0.074 0.095
413 2 0 100 0.087 0.083 0.092
413 2 1 100 0.076 0.083 0.114
413 3 0 100 0.081 0.065 0.08
413 3 1 100 0.065 0.074 0.094
413 4 0 100 0.087 0.074 0.087
413 4 1 100 0.075 0.075 0.095
413 5 0 100 0.085 0.089 0.093
413 5 1 100 0.074 0.085 0.114
413 6 0 100 0.085 0.074 0.087
413 6 1 100 0.074 0.074 0.095
413 7 0 100 0.094 0.091 0.094
413 7 1 100 0.083 0.094 0.114
413 1 0 200 0.169 0.164 0.165
413 1 1 200 0.155 0.176 0.195
413 2 0 200 0.172 0.154 0.165
413 2 1 200 0.155 0.164 0.194
413 3 0 200 0.166 0.154 0.166
413 3 1 200 0.144 0.154 0.174
413 4 0 200 0.17 0.162 0.166
413 4 1 200 0.155 0.165 0.194
413 5 0 200 0.174 0.167 0.168
413 5 1 200 0.155 0.175 0.195
413 6 0 200 0.17 0.166 0.164
413 6 1 200 0.155 0.164 0.194
413 7 0 200 0.177 0.172 0.174
413 7 1 200 0.164 0.174 0.194
413 1 0 300 0.253 0.245 0.246
413 1 1 300 0.245 0.253 0.276
413 2 0 300 0.248 0.235 0.245
413 2 1 300 0.235 0.253 0.275
413 3 0 300 0.246 0.239 0.246
413 3 1 300 0.235 0.244 0.254
413 4 0 300 0.246 0.248 0.25
413 4 1 300 0.244 0.254 0.273
413 5 0 300 0.256 0.25 0.254
413 5 1 300 0.246 0.254 0.275
413 6 0 300 0.245 0.249 0.25
413 6 1 300 0.245 0.256 0.275
413 7 0 300 0.266 0.252 0.265
413 7 1 300 0.256 0.262 0.275
413 1 0 400 0.342 0.337 0.34
413 1 1 400 0.335 0.342 0.354
413 2 0 400 0.326 0.326 0.326
413 2 1 400 0.324 0.332 0.354
413 3 0 400 0.339 0.33 0.348
413 3 1 400 0.33 0.335 0.356
413 4 0 400 0.336 0.336 0.345
413 4 1 400 0.334 0.352 0.354
413 5 0 400 0.342 0.342 0.346
413 5 1 400 0.344 0.353 0.374
413 6 0 400 0.341 0.34 0.346
413 6 1 400 0.333 0.353 0.354
413 7 0 400 0.348 0.344 0.357
413 7 1 400 0.343 0.354 0.375
413 1 0 500 0.425 0.425 0.426
413 1 1 500 0.435 0.434 0.452
413 2 0 500 0.408 0.406 0.416
413 2 1 500 0.417 0.413 0.436
413 3 0 500 0.42 0.419 0.427
413 3 1 500 0.425 0.433 0.455
413 4 0 500 0.42 0.433 0.425
413 4 1 500 0.425 0.433 0.454
413 5 0 500 0.431 0.426 0.433
413 5 1 500 0.435 0.433 0.455
413 6 0 500 0.435 0.435 0.438
413 6 1 500 0.434 0.432 0.452
413 7 0 500 0.438 0.432 0.443
413 7 1 500 0.435 0.453 0.474
413 1 0 600 0.507 0.506 0.517
413 1 1 600 0.514 0.514 0.535
413 2 0 600 0.489 0.486 0.496
413 2 1 600 0.494 0.513 0.515
413 3 0 600 0.51 0.506 0.511
413 3 1 600 0.505 0.513 0.533
413 4 0 600 0.506 0.509 0.516
413 4 1 600 0.515 0.513 0.535
413 5 0 600 0.516 0.516 0.512
413 5 1 600 0.515 0.534 0.554
413 6 0 600 0.512 0.505 0.516
413 6 1 600 0.514 0.513 0.555
413 7 0 600 0.525 0.525 0.526
413 7 1 600 0.525 0.535 0.555
413 1 0 700 0.586 0.586 0.598
413 1 1 700 0.595 0.594 0.635
413 2 0 700 0.572 0.565 0.576
413 2 1 700 0.576 0.593 0.595
413 3 0 700 0.591 0.587 0.597
413 3 1 700 0.596 0.593 0.637
413 4 0 700 0.587 0.586 0.597
413 4 1 700 0.594 0.593 0.613
413 5 0 700 0.597 0.597 0.604
413 5 1 700 0.594 0.61 0.635
413 6 0 700 0.593 0.591 0.607
413 6 1 700 0.595 0.613 0.636
413 7 0 700 0.606 0.604 0.616
413 7 1 700 0.614 0.633 0.635
413 1 0 800 0.667 0.668 0.677
413 1 1 800 0.675 0.673 0.715
413 2 0 800 0.637 0.636 0.666
413 2 1 800 0.655 0.674 0.675
413 3 0 800 0.666 0.672 0.677
413 3 1 800 0.674 0.693 0.715
413 4 0 800 0.669 0.67 0.678
413 4 1 800 0.675 0.673 0.714
413 5 0 800 0.678 0.676 0.676
413 5 1 800 0.674 0.693 0.715
413 6 0 800 0.682 0.682 0.677
413 6 1 800 0.693 0.695 0.715
413 7 0 800 0.683 0.69 0.698
413 7 1 800 0.695 0.714 0.715
413 1 0 900 0.738 0.738 0.74
413 1 1 900 0.755 0.754 0.775
413 2 0 900 0.718 0.718 0.719
413 2 1 900 0.735 0.733 0.755
413 3 0 900 0.751 0.748 0.754
413 3 1 900 0.755 0.748 0.795
413 4 0 900 0.736 0.739 0.737
413 4 1 900 0.755 0.751 0.773
413 5 0 900 0.738 0.736 0.757
413 5 1 900 0.755 0.751 0.795
413 6 0 900 0.739 0.742 0.755
413 6 1 900 0.755 0.751 0.796
413 7 0 900 0.762 0.753 0.753
413 7 1 900 0.774 0.793 0.794
413 1 0 1000 0.797 0.797 0.797
413 1 1 1000 0.813 0.83 0.835
413 2 0 1000 0.778 0.777 0.777
413 2 1 1000 0.794 0.792 0.834
413 3 0 1000 0.823 0.819 0.817
413 3 1 1000 0.835 0.832 0.854
413 4 0 1000 0.798 0.798 0.798
413 4 1 1000 0.815 0.813 0.835
413 5 0 1000 0.799 0.798 0.819
413 5 1 1000 0.835 0.834 0.835
413 6 0 1000 0.797 0.798 0.819
413 6 1 1000 0.835 0.833 0.855
413 7 0 1000 0.793 0.82 0.841
413 7 1 1000 0.836 0.833 0.876
423 1 0 100 0.1 0.086 0.091
423 1 1 100 0.097 0.086 0.073
423 2 0 100 0.104 0.091 0.088
423 2 1 100 0.093 0.083 0.074
423 3 0 100 0.09 0.087 0.08
423 3 1 100 0.089 0.073 0.068
423 4 0 100 0.101 0.095 0.085
423 4 1 100 0.093 0.083 0.079
423 5 0 100 0.096 0.09 0.081
423 5 1 100 0.089 0.079 0.072
423 6 0 100 0.095 0.082 0.092
423 6 1 100 0.084 0.074 0.064
423 7 0 100 0.003 0.007 0.002
423 7 1 100 0.003 0.006 0.007
423 1 0 200 0.004 0.005 0.003
423 1 1 200 0.177 0.163 0.164
423 2 0 200 0.184 0.174 0.174
423 2 1 200 0.173 0.163 0.153
423 3 0 200 0.183 0.177 0.172
423 3 1 200 0.172 0.165 0.152
423 4 0 200 0.187 0.182 0.178
423 4 1 200 0.182 0.167 0.164
423 5 0 200 0.187 0.176 0.17
423 5 1 200 0.173 0.165 0.175
423 6 0 200 0.188 0.172 0.173
423 6 1 200 0.169 0.154 0.153
423 7 0 200 0.005 0.006 0.002
423 7 1 200 0.007 0.004 0.007
423 1 0 300 0.003 0.006 0.002
423 1 1 300 0.261 0.252 0.242
423 2 0 300 0.264 0.256 0.247
423 2 1 300 0.254 0.242 0.241
423 3 0 300 0.269 0.26 0.259
423 3 1 300 0.258 0.242 0.242
423 4 0 300 0.271 0.262 0.257
423 4 1 300 0.267 0.252 0.247
423 5 0 300 0.274 0.265 0.251
423 5 1 300 0.257 0.246 0.242
423 6 0 300 0.265 0.254 0.244
423 6 1 300 0.254 0.242 0.242
423 7 0 300 0.004 0.003 0.008
423 7 1 300 0.004 0.001 0.002
423 1 0 400 0.002 0.001 0.002
423 1 1 400 0.351 0.341 0.336
423 2 0 400 0.344 0.334 0.332
423 2 1 400 0.34 0.325 0.321
423 3 0 400 0.359 0.35 0.343
423 3 1 400 0.348 0.335 0.334
423 4 0 400 0.37 0.355 0.342
423 4 1 400 0.356 0.341 0.336
423 5 0 400 0.359 0.348 0.341
423 5 1 400 0.347 0.341 0.331
423 6 0 400 0.356 0.348 0.346
423 6 1 400 0.35 0.332 0.326
423 7 0 400 0.005 0.007 0.001
423 7 1 400 0.005 0.002 0.003
423 1 0 500 0.002 0.002 0.004
423 1 1 500 0.441 0.424 0.42
423 2 0 500 0.425 0.418 0.412
423 2 1 500 0.418 0.411 0.408
423 3 0 500 0.454 0.434 0.429
423 3 1 500 0.435 0.425 0.42
423 4 0 500 0.446 0.431 0.432
423 4 1 500 0.441 0.427 0.423
423 5 0 500 0.447 0.431 0.421
423 5 1 500 0.435 0.425 0.419
423 6 0 500 0.435 0.42 0.428
423 6 1 500 0.431 0.421 0.415
423 7 0 500 0.003 0.002 0.003
423 7 1 500 0.003 0.002 0.002
423 1 0 600 0.002 0.005 0.007
423 1 1 600 0.525 0.509 0.504
423 2 0 600 0.509 0.499 0.496
423 2 1 600 0.502 0.492 0.488
423 3 0 600 0.528 0.518 0.508
423 3 1 600 0.527 0.51 0.504
423 4 0 600 0.528 0.521 0.517
423 4 1 600 0.525 0.516 0.508
423 5 0 600 0.526 0.516 0.513
423 5 1 600 0.525 0.516 0.503
423 6 0 600 0.52 0.511 0.51
423 6 1 600 0.515 0.504 0.505
423 7 0 600 0.002 0.004 0.002
423 7 1 600 0.003 0.002 0.003
423 1 0 700 0.002 0.005 0.001
423 1 1 700 0.6 0.593 0.582
423 2 0 700 0.577 0.568 0.569
423 2 1 700 0.598 0.568 0.559
423 3 0 700 0.608 0.588 0.589
423 3 1 700 0.602 0.594 0.588
423 4 0 700 0.615 0.597 0.589
423 4 1 700 0.609 0.599 0.589
423 5 0 700 0.609 0.591 0.591
423 5 1 700 0.604 0.593 0.587
423 6 0 700 0.597 0.589 0.585
423 6 1 700 0.6 0.587 0.581
423 7 0 700 0.002 0.003 0.002
423 7 1 700 1.2658 0.003 0.002
423 1 0 800 0.006 0.006 0.002
423 1 1 800 0.954 0.671 0.667
423 2 0 800 0.657 0.643 0.631
423 2 1 800 0.654 0.642 0.637
423 3 0 800 0.683 0.673 0.667
423 3 1 800 0.683 0.675 0.668
423 4 0 800 0.691 0.673 0.667
423 4 1 800 0.68 0.677 0.668
423 5 0 800 0.687 0.675 0.667
423 5 1 800 0.683 0.673 0.668
423 6 0 800 0.679 0.669 0.671
423 6 1 800 0.678 0.668 0.661
423 7 0 800 0.003 0.009 0.001
423 7 1 800 1.2659 0.001 0.003
423 1 0 900 0.004 0.001 0.004
423 1 1 900 1.2658 0.74 0.741
423 2 0 900 0.721 0.706 0.701
423 2 1 900 0.72 0.715 0.706
423 3 0 900 0.748 0.739 0.749
423 3 1 900 0.758 0.746 0.737
423 4 0 900 0.75 0.746 0.736
423 4 1 900 0.754 0.746 0.737
423 5 0 900 0.751 0.738 0.734
423 5 1 900 0.748 0.743 0.736
423 6 0 900 0.738 0.739 0.729
423 6 1 900 0.748 0.738 0.737
423 7 0 900 0.006 0.003 0.006
423 7 1 900 1.2659 0.006 1.2641
423 1 0 1000 0.004 0.002 0.005
423 1 1 1000 1.2658 0.801 0.79
423 2 0 1000 0.769 0.757 0.752
423 2 1 1000 0.776 0.766 0.766
423 3 0 1000 0.804 0.79 0.791
423 3 1 1000 0.817 0.807 0.807
423 4 0 1000 0.803 0.785 0.783
423 4 1 1000 0.808 0.808 0.787
423 5 0 1000 0.79 0.789 0.773
423 5 1 1000 0.807 0.806 0.811
423 6 0 1000 0.789 0.783 0.783
423 6 1 1000 0.807 0.796 0.807
423 7 0 1000 0.003 0.003 0.002
423 7 1 1000 1.2657 0.001 1.2652
433 1 0 100 0.101 0.081 0.064
433 1 1 100 0.101 0.083 0.071
433 2 0 100 0.104 0.073 0.068
433 2 1 100 0.104 0.081 0.066
433 3 0 100 0.106 0.091 0.061
433 3 1 100 0.101 0.087 0.076
433 4 0 100 0.089 0.072 0.052
433 4 1 100 0.091 0.077 0.061
433 5 0 100 0.091 0.078 0.055
433 5 1 100 0.091 0.076 0.064
433 6 0 100 0.1 0.084 0.063
433 6 1 100 0.102 0.089 0.072
433 7 0 100 0.004 0.005 0.005
433 7 1 100 0.003 0.001 0.002
433 1 0 200 0.184 0.174 0.139
433 1 1 200 0.189 0.17 0.152
433 2 0 200 0.184 0.156 0.137
433 2 1 200 0.18 0.158 0.149
433 3 0 200 0.185 0.168 0.156
433 3 1 200 0.188 0.169 0.16
433 4 0 200 0.175 0.155 0.134
433 4 1 200 0.177 0.16 0.144
433 5 0 200 0.174 0.156 0.133
433 5 1 200 0.177 0.159 0.148
433 6 0 200 0.186 0.167 0.137
433 6 1 200 0.187 0.168 0.158
433 7 0 200 0.006 0.006 0.003
433 7 1 200 0.007 0 0.002
433 1 0 300 0.264 0.25 0.219
433 1 1 300 0.27 0.252 0.229
433 2 0 300 0.257 0.228 0.209
433 2 1 300 0.26 0.232 0.22
433 3 0 300 0.266 0.246 0.232
433 3 1 300 0.274 0.25 0.242
433 4 0 300 0.257 0.236 0.216
433 4 1 300 0.261 0.242 0.219
433 5 0 300 0.256 0.236 0.221
433 5 1 300 0.262 0.24 0.23
433 6 0 300 0.265 0.249 0.223
433 6 1 300 0.27 0.252 0.23
433 7 0 300 0.003 0.004 0.002
433 7 1 300 0.005 0.004 0.002
433 1 0 400 0.344 0.329 0.316
433 1 1 400 0.353 0.333 0.312
433 2 0 400 0.336 0.308 0.296
433 2 1 400 0.336 0.312 0.303
433 3 0 400 0.355 0.33 0.32
433 3 1 400 0.362 0.333 0.323
433 4 0 400 0.345 0.316 0.306
433 4 1 400 0.342 0.323 0.313
433 5 0 400 0.345 0.321 0.3
433 5 1 400 0.343 0.323 0.313
433 6 0 400 0.359 0.335 0.321
433 6 1 400 0.356 0.339 0.323
433 7 0 400 0.004 0.006 0.005
433 7 1 400 0.004 0.004 0.002
433 1 0 500 0.437 0.421 0.397
433 1 1 500 0.434 0.41 0.393
433 2 0 500 0.416 0.383 0.377
433 2 1 500 0.415 0.39 0.372
433 3 0 500 0.442 0.418 0.407
433 3 1 500 0.444 0.415 0.404
433 4 0 500 0.425 0.404 0.385
433 4 1 500 0.425 0.399 0.385
433 5 0 500 0.427 0.408 0.389
433 5 1 500 0.423 0.405 0.393
433 6 0 500 0.436 0.421 0.403
433 6 1 500 0.434 0.417 0.405
433 7 0 500 0.002 0.005 0.006
433 7 1 500 0.004 0.001 0.004
433 1 0 600 0.522 0.498 0.478
433 1 1 600 0.511 0.488 0.473
433 2 0 600 0.491 0.467 0.458
433 2 1 600 0.486 0.462 0.453
433 3 0 600 0.527 0.506 0.496
433 3 1 600 0.523 0.498 0.488
433 4 0 600 0.504 0.486 0.467
433 4 1 600 0.505 0.478 0.467
433 5 0 600 0.512 0.494 0.478
433 5 1 600 0.509 0.481 0.463
433 6 0 600 0.523 0.499 0.484
433 6 1 600 0.517 0.487 0.476
433 7 0 600 0.007 0.004 0.004
433 7 1 600 0.004 0.004 0.004
433 1 0 700 0.586 0.572 0.558
433 1 1 700 0.587 0.557 0.55
433 2 0 700 0.565 0.537 0.528
433 2 1 700 0.558 0.535 0.53
433 3 0 700 0.603 0.578 0.572
433 3 1 700 0.599 0.57 0.558
433 4 0 700 0.586 0.558 0.547
433 4 1 700 0.579 0.553 0.541
433 5 0 700 0.582 0.563 0.552
433 5 1 700 0.584 0.557 0.549
433 6 0 700 0.598 0.568 0.566
433 6 1 700 0.588 0.564 0.555
433 7 0 700 0.003 0.008 0.005
433 7 1 700 0.004 0.004 0.002
433 1 0 800 0.671 0.638 0.627
433 1 1 800 0.659 0.632 0.619
433 2 0 800 0.637 0.609 0.593
433 2 1 800 0.629 0.6 0.595
433 3 0 800 0.681 0.65 0.65
433 3 1 800 0.666 0.641 0.636
433 4 0 800 0.66 0.629 0.619
433 4 1 800 0.65 0.621 0.617
433 5 0 800 0.669 0.639 0.625
433 5 1 800 0.677 0.622 0.621
433 6 0 800 0.667 0.649 0.64
433 6 1 800 0.667 0.626 0.629
433 7 0 800 0.003 0.004 0.003
433 7 1 800 0.003 0.001 0.003
433 1 0 900 0.741 0.699 0.7
433 1 1 900 0.716 0.686 0.682
433 2 0 900 0.703 0.682 0.67
433 2 1 900 0.691 0.665 0.663
433 3 0 900 0.741 0.718 0.72
433 3 1 900 0.725 0.703 0.698
433 4 0 900 0.73 0.699 0.69
433 4 1 900 0.71 0.682 0.671
433 5 0 900 0.728 0.699 0.699
433 5 1 900 0.711 0.685 0.685
433 6 0 900 0.741 0.706 0.701
433 6 1 900 0.722 0.693 0.698
433 7 0 900 0.005 0.004 0.004
433 7 1 900 0.004 0 0.002
433 1 0 1000 0.772 0.759 0.751
433 1 1 1000 0.762 0.733 0.726
433 2 0 1000 0.757 0.759 0.718
433 2 1 1000 0.745 0.707 0.703
433 3 0 1000 0.799 0.779 0.777
433 3 1 1000 0.773 0.75 0.746
433 4 0 1000 0.778 0.74 0.742
433 4 1 1000 0.76 0.725 0.722
433 5 0 1000 0.778 0.756 0.743
433 5 1 1000 0.757 0.736 0.723
433 6 0 1000 0.785 0.759 0.757
433 6 1 1000 0.762 0.75 0.733
433 7 0 1000 0.005 0.004 0.005
433 7 1 1000 0.003 0.001 0.002
375 1 0 100 0.09 0.121 0.123
375 1 1 100 0.034 0.054 0.112
375 2 0 100 0.108 0.125 0.147
375 2 1 100 0.034 0.063 0.133
375 3 0 100 0.114 0.123 0.146
375 3 1 100 0.044 0.075 0.134
375 4 0 100 0.109 0.145 0.147
375 4 1 100 0.045 0.075 0.135
375 5 0 100 0.09 0.107 0.127
375 5 1 100 0.035 0.054 0.115
375 6 0 100 0.104 0.121 0.146
375 6 1 100 0.035 0.061 0.135
375 7 0 100 0.002 0.003 0.003
375 7 1 100 0.639 0.003 0.002
375 1 0 200 0.182 0.219 0.22
375 1 1 200 0.133 0.153 0.212
375 2 0 200 0.184 0.221 0.221
375 2 1 200 0.134 0.154 0.214
375 3 0 200 0.184 0.222 0.219
375 3 1 200 0.133 0.173 0.216
375 4 0 200 0.201 0.22 0.222
375 4 1 200 0.143 0.172 0.234
375 5 0 200 0.182 0.221 0.221
375 5 1 200 0.134 0.153 0.194
375 6 0 200 0.189 0.216 0.221
375 6 1 200 0.134 0.175 0.214
375 7 0 200 0.01 0.001 0.003
375 7 1 200 1.2732 0.001 0.001
375 1 0 300 0.297 0.296 0.32
375 1 1 300 0.22 0.253 0.296
375 2 0 300 0.277 0.297 0.324
375 2 1 300 0.213 0.253 0.293
375 3 0 300 0.275 0.297 0.296
375 3 1 300 0.222 0.243 0.294
375 4 0 300 0.298 0.335 0.335
375 4 1 300 0.235 0.254 0.314
375 5 0 300 0.277 0.296 0.296
375 5 1 300 0.213 0.253 0.295
375 6 0 300 0.297 0.32 0.334
375 6 1 300 0.234 0.253 0.316
375 7 0 300 0.008 0.001 0.005
375 7 1 300 0.009 0.003 0.002
375 1 0 400 0.391 0.411 0.409
375 1 1 400 0.321 0.344 0.394
375 2 0 400 0.373 0.412 0.41
375 2 1 400 0.313 0.333 0.394
375 3 0 400 0.373 0.407 0.406
375 3 1 400 0.315 0.334 0.395
375 4 0 400 0.409 0.409 0.43
375 4 1 400 0.332 0.353 0.394
375 5 0 400 0.372 0.41 0.411
375 5 1 400 0.312 0.344 0.395
375 6 0 400 0.391 0.411 0.41
375 6 1 400 0.333 0.354 0.393
375 7 0 400 0.006 0.003 0.007
375 7 1 400 1.2743 0.003 0.002
375 1 0 500 0.485 0.505 0.524
375 1 1 500 0.411 0.434 0.474
375 2 0 500 0.487 0.485 0.523
375 2 1 500 0.412 0.433 0.475
375 3 0 500 0.477 0.483 0.524
375 3 1 500 0.42 0.434 0.493
375 4 0 500 0.486 0.523 0.524
375 4 1 500 0.432 0.454 0.516
375 5 0 500 0.49 0.497 0.522
375 5 1 500 0.412 0.432 0.474
375 6 0 500 0.482 0.519 0.525
375 6 1 500 0.422 0.455 0.494
375 7 0 500 0.003 0 0.006
375 7 1 500 1.2732 0.001 0.001
375 1 0 600 0.6 0.599 0.599
375 1 1 600 0.512 0.533 0.574
375 2 0 600 0.561 0.599 0.599
375 2 1 600 0.492 0.513 0.553
375 3 0 600 0.574 0.599 0.599
375 3 1 600 0.513 0.536 0.574
375 4 0 600 0.599 0.599 0.625
375 4 1 600 0.522 0.534 0.592
375 5 0 600 0.581 0.599 0.599
375 5 1 600 0.514 0.534 0.574
375 6 0 600 0.599 0.599 0.621
375 6 1 600 0.512 0.534 0.594
375 7 0 600 0.004 0.001 0.007
375 7 1 600 0.007 0.002 0.002
375 1 0 700 0.679 0.695 0.71
375 1 1 700 0.593 0.613 0.674
375 2 0 700 0.678 0.674 0.674
375 2 1 700 0.591 0.614 0.632
375 3 0 700 0.675 0.692 0.713
375 3 1 700 0.602 0.613 0.673
375 4 0 700 0.675 0.71 0.709
375 4 1 700 0.611 0.634 0.674
375 5 0 700 0.678 0.695 0.712
375 5 1 700 0.59 0.614 0.673
375 6 0 700 0.676 0.712 0.71
375 6 1 700 0.611 0.634 0.673
375 7 0 700 0.007 0 0.007
375 7 1 700 0.157 0.002 0.002
375 1 0 800 0.789 0.787 0.788
375 1 1 800 0.693 0.714 0.752
375 2 0 800 0.752 0.769 0.788
375 2 1 800 0.67 0.692 0.715
375 3 0 800 0.788 0.79 0.807
375 3 1 800 0.691 0.713 0.754
375 4 0 800 0.789 0.787 0.796
375 4 1 800 0.69 0.712 0.75
375 5 0 800 0.789 0.787 0.787
375 5 1 800 0.69 0.713 0.754
375 6 0 800 0.788 0.789 0.793
375 6 1 800 0.697 0.714 0.753
375 7 0 800 0.002 0.001 0.006
375 7 1 800 0.017 0.002 0.001
375 1 0 900 0.859 0.864 0.863
375 1 1 900 0.768 0.796 0.833
375 2 0 900 0.826 0.86 0.863
375 2 1 900 0.752 0.773 0.794
375 3 0 900 0.902 0.901 0.902
375 3 1 900 0.791 0.813 0.854
375 4 0 900 0.864 0.9 0.902
375 4 1 900 0.769 0.793 0.833
375 5 0 900 0.863 0.876 0.863
375 5 1 900 0.771 0.793 0.833
375 6 0 900 0.865 0.9 0.901
375 6 1 900 0.791 0.814 0.834
375 7 0 900 0.005 0.003 0.007
375 7 1 900 0.002 0.003 0.002
375 1 0 1000 0.942 0.942 0.939
375 1 1 1000 0.83 0.872 0.911
375 2 0 1000 0.9 0.939 0.938
375 2 1 1000 0.832 0.832 0.8738
375 3 0 1000 0.977 0.976 0.977
375 3 1 1000 0.87 0.893 0.932
375 4 0 1000 0.939 0.976 0.956
375 4 1 1000 0.832 0.8724 0.913
375 5 0 1000 0.939 0.956 0.942
375 5 1 1000 0.831 0.873 0.913
375 6 0 1000 0.943 0.976 0.977
375 6 1 1000 0.851 0.873 0.912
375 7 0 1000 0.012 0.004 0.005
375 7 1 1000 0.039 0.007 0.006
385 1 0 100 0.048 0.093 0.09
385 1 1 100 0.058 0.063 0.06
385 2 0 100 0.045 0.091 0.082
385 2 1 100 0.056 0.059 0.062
385 3 0 100 0.05 0.09 0.088
385 3 1 100 0.057 0.067 0.066
385 4 0 100 0.055 0.102 0.096
385 4 1 100 0.066 0.072 0.09
385 5 0 100 0.053 0.096 0.096
385 5 1 100 0.064 0.067 0.073
385 6 0 100 0.05 0.089 0.088
385 6 1 100 0.071 0.072 0.074
385 7 0 100 0.005 0.004 0.004
385 7 1 100 0.003 0.002 0.005
385 1 0 200 0.135 0.184 0.184
385 1 1 200 0.145 0.151 0.15
385 2 0 200 0.127 0.169 0.172
385 2 1 200 0.14 0.14 0.145
385 3 0 200 0.131 0.183 0.167
385 3 1 200 0.151 0.151 0.158
385 4 0 200 0.145 0.183 0.181
385 4 1 200 0.156 0.161 0.162
385 5 0 200 0.146 0.184 0.188
385 5 1 200 0.153 0.156 0.161
385 6 0 200 0.145 0.182 0.187
385 6 1 200 0.156 0.16 0.161
385 7 0 200 0.004 0.005 0.007
385 7 1 200 0.001 0.002 0.003
385 1 0 300 0.24 0.267 0.275
385 1 1 300 0.238 0.243 0.247
385 2 0 300 0.224 0.26 0.251
385 2 1 300 0.224 0.228 0.23
385 3 0 300 0.232 0.269 0.258
385 3 1 300 0.239 0.244 0.249
385 4 0 300 0.249 0.27 0.276
385 4 1 300 0.249 0.255 0.254
385 5 0 300 0.239 0.268 0.276
385 5 1 300 0.244 0.248 0.25
385 6 0 300 0.24 0.274 0.276
385 6 1 300 0.25 0.247 0.255
385 7 0 300 0.01 0.01 0.01
385 7 1 300 0.003 0.003 0.001
385 1 0 400 0.343 0.372 0.371
385 1 1 400 0.336 0.341 0.342
385 2 0 400 0.34 0.373 0.371
385 2 1 400 0.321 0.321 0.324
385 3 0 400 0.334 0.368 0.377
385 3 1 400 0.336 0.34 0.348
385 4 0 400 0.361 0.392 0.386
385 4 1 400 0.347 0.353 0.354
385 5 0 400 0.351 0.392 0.395
385 5 1 400 0.341 0.346 0.348
385 6 0 400 0.352 0.389 0.389
385 6 1 400 0.347 0.351 0.351
385 7 0 400 0.006 0.01 0.004
385 7 1 400 0.001 0.002 0.006
385 1 0 500 0.446 0.484 0.48
385 1 1 500 0.431 0.435 0.434
385 2 0 500 0.417 0.469 0.467
385 2 1 500 0.406 0.414 0.415
385 3 0 500 0.446 0.487 0.484
385 3 1 500 0.435 0.44 0.438
385 4 0 500 0.456 0.483 0.479
385 4 1 500 0.44 0.445 0.445
385 5 0 500 0.447 0.485 0.487
385 5 1 500 0.434 0.443 0.446
385 6 0 500 0.461 0.484 0.487
385 6 1 500 0.441 0.445 0.446
385 7 0 500 0.006 0.003 0.011
385 7 1 500 0.003 0.002 0.004
385 1 0 600 0.542 0.577 0.57
385 1 1 600 0.524 0.532 0.523
385 2 0 600 0.52 0.559 0.557
385 2 1 600 0.493 0.503 0.504
385 3 0 600 0.54 0.578 0.573
385 3 1 600 0.528 0.533 0.534
385 4 0 600 0.56 0.598 0.598
385 4 1 600 0.534 0.537 0.538
385 5 0 600 0.555 0.599 0.596
385 5 1 600 0.529 0.534 0.534
385 6 0 600 0.56 0.597 0.597
385 6 1 600 0.533 0.533 0.536
385 7 0 600 0.003 0.011 0.006
385 7 1 600 0.001 0.002 0.002
385 1 0 700 0.655 0.674 0.672
385 1 1 700 0.606 0.621 0.611
385 2 0 700 0.623 0.658 0.653
385 2 1 700 0.582 0.591 0.591
385 3 0 700 0.652 0.694 0.672
385 3 1 700 0.621 0.628 0.622
385 4 0 700 0.654 0.695 0.694
385 4 1 700 0.621 0.631 0.621
385 5 0 700 0.657 0.693 0.69
385 5 1 700 0.622 0.632 0.621
385 6 0 700 0.659 0.694 0.692
385 6 1 700 0.622 0.631 0.633
385 7 0 700 0.006 0.003 0.005
385 7 1 700 0.005 0.005 0.003
385 1 0 800 0.748 0.77 0.767
385 1 1 800 0.7 0.707 0.701
385 2 0 800 0.713 0.748 0.748
385 2 1 800 0.671 0.683 0.672
385 3 0 800 0.771 0.785 0.785
385 3 1 800 0.71 0.72 0.714
385 4 0 800 0.748 0.786 0.786
385 4 1 800 0.711 0.717 0.709
385 5 0 800 0.749 0.787 0.795
385 5 1 800 0.71 0.717 0.71
385 6 0 800 0.771 0.786 0.784
385 6 1 800 0.709 0.719 0.719
385 7 0 800 0.002 0.006 0.003
385 7 1 800 0 0.001 0.007
385 1 0 900 0.824 0.862 0.86
385 1 1 900 0.778 0.786 0.764
385 2 0 900 0.806 0.823 0.823
385 2 1 900 0.748 0.758 0.75
385 3 0 900 0.862 0.878 0.872
385 3 1 900 0.797 0.796 0.799
385 4 0 900 0.842 0.862 0.858
385 4 1 900 0.792 0.797 0.79
385 5 0 900 0.842 0.861 0.861
385 5 1 900 0.789 0.797 0.789
385 6 0 900 0.862 0.874 0.874
385 6 1 900 0.798 0.796 0.799
385 7 0 900 0.001 0.012 0.007
385 7 1 900 0 0.002 0.005
385 1 0 1000 0.899 0.943 0.9364
385 1 1 1000 0.845 0.857 0.838
385 2 0 1000 0.877 0.899 0.898
385 2 1 1000 0.817 0.816 0.819
385 3 0 1000 0.937 0.954 0.974
385 3 1 1000 0.877 0.876 0.859
385 4 0 1000 0.922 0.941 0.936
385 4 1 1000 0.857 0.856 0.847
385 5 0 1000 0.919 0.938 0.936
385 5 1 1000 0.855 0.857 0.857
385 6 0 1000 0.938 0.937 0.955
385 6 1 1000 0.857 0.876 0.857
385 7 0 1000 0.001 0.004 0.006
385 7 1 1000 0.003 0.005 0.003
395 1 0 100 0.056 0.072 0.063
395 1 1 100 0.043 0.132 0.074
395 2 0 100 0.059 0.08 0.06
395 2 1 100 0.044 0.128 0.073
395 3 0 100 0.056 0.071 0.057
395 3 1 100 0.043 0.132 0.074
395 4 0 100 0.071 0.093 0.074
395 4 1 100 0.053 0.151 0.093
395 5 0 100 0.06 0.081 0.059
395 5 1 100 0.043 0.131 0.093
395 6 0 100 0.058 0.071 0.062
395 6 1 100 0.043 0.131 0.071
395 7 0 100 0.121 0.138 0.119
395 7 1 100 0.112 0.191 0.152
395 1 0 200 0.132 0.164 0.149
395 1 1 200 0.129 0.21 0.171
395 2 0 200 0.132 0.167 0.131
395 2 1 200 0.13 0.21 0.171
395 3 0 200 0.137 0.157 0.132
395 3 1 200 0.131 0.21 0.171
395 4 0 200 0.167 0.177 0.158
395 4 1 200 0.152 0.23 0.191
395 5 0 200 0.148 0.171 0.149
395 5 1 200 0.141 0.23 0.171
395 6 0 200 0.134 0.159 0.147
395 6 1 200 0.132 0.23 0.173
395 7 0 200 0.216 0.234 0.215
395 7 1 200 0.202 0.289 0.23
395 1 0 300 0.237 0.248 0.234
395 1 1 300 0.229 0.308 0.272
395 2 0 300 0.222 0.243 0.222
395 2 1 300 0.218 0.309 0.25
395 3 0 300 0.223 0.253 0.236
395 3 1 300 0.219 0.308 0.251
395 4 0 300 0.242 0.263 0.244
395 4 1 300 0.24 0.308 0.27
395 5 0 300 0.237 0.263 0.246
395 5 1 300 0.23 0.308 0.268
395 6 0 300 0.235 0.245 0.234
395 6 1 300 0.217 0.308 0.269
395 7 0 300 0.313 0.342 0.322
395 7 1 300 0.308 0.387 0.348
395 1 0 400 0.336 0.349 0.332
395 1 1 400 0.331 0.387 0.348
395 2 0 400 0.317 0.339 0.321
395 2 1 400 0.308 0.387 0.348
395 3 0 400 0.323 0.35 0.332
395 3 1 400 0.321 0.387 0.346
395 4 0 400 0.342 0.355 0.339
395 4 1 400 0.338 0.427 0.368
395 5 0 400 0.334 0.356 0.347
395 5 1 400 0.331 0.406 0.368
395 6 0 400 0.336 0.353 0.333
395 6 1 400 0.327 0.388 0.348
395 7 0 400 0.371 0.401 0.383
395 7 1 400 0.366 0.439 0.407
395 1 0 500 0.419 0.445 0.419
395 1 1 500 0.416 0.505 0.446
395 2 0 500 0.41 0.435 0.407
395 2 1 500 0.407 0.466 0.427
395 3 0 500 0.423 0.438 0.42
395 3 1 500 0.417 0.484 0.447
395 4 0 500 0.432 0.455 0.439
395 4 1 500 0.428 0.506 0.465
395 5 0 500 0.427 0.45 0.437
395 5 1 500 0.426 0.504 0.465
395 6 0 500 0.414 0.454 0.428
395 6 1 500 0.415 0.507 0.446
395 7 0 500 0.471 0.493 0.48
395 7 1 500 0.466 0.545 0.505
395 1 0 600 0.514 0.527 0.512
395 1 1 600 0.504 0.584 0.544
395 2 0 600 0.494 0.512 0.494
395 2 1 600 0.488 0.544 0.525
395 3 0 600 0.508 0.531 0.51
395 3 1 600 0.506 0.584 0.545
395 4 0 600 0.521 0.55 0.533
395 4 1 600 0.525 0.585 0.544
395 5 0 600 0.515 0.55 0.522
395 5 1 600 0.524 0.583 0.545
395 6 0 600 0.508 0.532 0.511
395 6 1 600 0.505 0.584 0.545
395 7 0 600 0.557 0.587 0.567
395 7 1 600 0.563 0.623 0.58
395 1 0 700 0.61 0.629 0.61
395 1 1 700 0.6 0.662 0.623
395 2 0 700 0.572 0.608 0.571
395 2 1 700 0.583 0.643 0.604
395 3 0 700 0.61 0.627 0.61
395 3 1 700 0.602 0.663 0.624
395 4 0 700 0.61 0.646 0.61
395 4 1 700 0.598 0.662 0.643
395 5 0 700 0.611 0.646 0.61
395 5 1 700 0.601 0.664 0.642
395 6 0 700 0.611 0.646 0.61
395 6 1 700 0.598 0.662 0.624
395 7 0 700 0.648 0.685 0.648
395 7 1 700 0.663 0.723 0.683
395 1 0 800 0.688 0.722 0.688
395 1 1 800 0.683 0.741 0.702
395 2 0 800 0.667 0.685 0.666
395 2 1 800 0.661 0.741 0.702
395 3 0 800 0.71 0.724 0.706
395 3 1 800 0.701 0.761 0.741
395 4 0 800 0.706 0.724 0.706
395 4 1 800 0.701 0.761 0.741
395 5 0 800 0.708 0.721 0.705
395 5 1 800 0.702 0.76 0.741
395 6 0 800 0.689 0.723 0.708
395 6 1 800 0.702 0.76 0.742
395 7 0 800 0.745 0.784 0.765
395 7 1 800 0.741 0.824 0.78
395 1 0 900 0.764 0.801 0.764
395 1 1 900 0.78 0.819 0.801
395 2 0 900 0.738 0.78 0.744
395 2 1 900 0.741 0.821 0.781
395 3 0 900 0.803 0.838 0.807
395 3 1 900 0.781 0.859 0.818
395 4 0 900 0.787 0.819 0.785
395 4 1 900 0.78 0.841 0.82
395 5 0 900 0.785 0.814 0.786
395 5 1 900 0.779 0.84 0.818
395 6 0 900 0.784 0.816 0.802
395 6 1 900 0.781 0.839 0.819
395 7 0 900 0.841 0.876 0.84
395 7 1 900 0.821 0.898 0.86
395 1 0 1000 0.84 0.877 0.84
395 1 1 1000 0.839 0.8983 0.859
395 2 0 1000 0.814 0.841 0.802
395 2 1 1000 0.82 0.86 0.858
395 3 0 1000 0.878 0.916 0.879
395 3 1 1000 0.856 0.9181 0.8984
395 4 0 1000 0.86 0.877 0.836
395 4 1 1000 0.859 0.899 0.878
395 5 0 1000 0.84 0.876 0.838
395 5 1 1000 0.858 0.898 0.898
395 6 0 1000 0.842 0.877 0.859
395 6 1 1000 0.858 0.898 0.899
395 7 0 1000 0.918 0.954 0.917
395 7 1 1000 0.8984 0.9379 0.937
