105 1 7.25
105 2 18.58
105 3 30.24
105 4 41.58
105 5 52.47
105 6 63.07
108 1 11.16
108 2 22.41
108 3 33.1
108 4 43.64
108 5 53.82
108 6 63.85
10 1 20.54
10 2 39.67
10 3 59.44
10 4 79.46
10 5 98.8
10 6 117.2
12 1 12.22
12 2 22.23
12 3 32.31
12 4 41.96
12 5 51.71
12 6 61.35
130 1 6.85
130 2 16.59
130 3 26.33
130 4 35.72
130 5 45.17
130 6 54.66
135 1 11.13
135 2 23.92
135 3 36.38
135 4 48.37
135 5 60.31
135 6 71.99
142 1 10.3
142 2 20.55
142 3 30.49
142 4 40.31
142 5 50.24
142 6 59.95
144 1 5.73
144 2 14.27
144 3 22.47
144 4 31.29
144 5 39.91
144 6 48.73
145 1 8.15
145 2 19.45
145 3 29.9
145 4 40.44
145 5 50.68
145 6 60.93
149 1 4.59
149 2 14.36
149 3 24.39
149 4 34.34
149 5 44.48
149 6 54.55
14 1 4.13
14 2 15.64
14 3 26.5
14 4 37.73
14 5 48.46
14 6 59.14
150 1 11.81
150 2 21.39
150 3 32.42
150 4 43.42
150 5 54.08
150 6 64.51
15 1 6.69
15 2 17.8
15 3 28.64
15 4 39.14
15 5 49.72
15 6 59.6
19 1 13.13
19 2 24.46
19 3 35.17
19 4 45.16
19 5 55.27
19 6 64.84
20 1 8.84
20 2 19.43
20 3 29.65
20 4 39.54
20 5 49.41
20 6 59.07
24 1 12.79
24 2 22.11
24 3 30.83
24 4 39.86
24 5 48.79
24 6 57.99
30 1 6.63
30 2 16.12
30 3 25.48
30 4 34.27
30 5 43.04
30 6 51.89
47 1 9.75
47 2 18.71
47 3 28.5
47 4 38.56
47 5 49.1
47 6 59.58
57 1 4.81
57 2 16.2
57 3 26.97
57 4 37.83
57 5 48.34
57 6 58.58
61 1 3.39
61 2 12.7
61 3 21.82
61 4 30.55
61 5 39.48
61 6 48.56
66 1 10.23
66 2 20.49
66 3 30.51
66 4 40.47
66 5 50.23
66 6 60.25
73 1 13.88
73 2 26.59
73 3 39.01
73 4 51.31
73 5 62.93
73 6 74.34
74 1 6.85
74 2 18.4
74 3 -1212
74 4 41.03
74 5 52.1
74 6 62.66
75 1 9.46
75 2 19.87
75 3 29.91
75 4 39.57
75 5 49.48
75 6 58.97
77 1 10.89
77 2 21.33
77 3 1259
77 4 40.68
77 5 50.6
77 6 60.18
78 1 7.55
78 2 18.37
78 3 28.83
78 4 39.26
78 5 49.98
78 6 60.6
80 1 7.45
80 2 18.56
80 3 29.68
80 4 40.66
80 5 51.11
80 6 61.25
82 1 6.36
82 2 11.43
82 3 16.48
82 4 21.41
82 5 26.36
82 6 31.09
83 1 7.55
83 2 17.24
83 3 26.3
83 4 35.35
83 5 44.77
83 6 53.93
89 1 11.62
89 2 22.13
89 3 32.13
89 4 42.17
89 5 51.95
89 6 61.43
