-9.900000	4.421737	0.474935	2.641938
-9.800000	-9.049199	-8.089632	-0.965621
-9.700000	2.582661	-6.064112	5.943574
-9.600000	2.822285	-5.502597	-0.696602
-9.500000	6.124537	8.961235	4.823202
-9.400000	-0.267847	0.178128	-5.968031
-9.300000	-3.267841	-21.007501	-3.790580
-9.200000	-2.739715	1.716568	-4.858719
-9.100000	10.286615	9.360346	-2.822792
-9.000000	-4.260733	-13.266676	-1.893023
-8.900000	1.727752	-4.010179	0.701627
-8.800000	5.578513	-3.526736	0.852084
-8.700000	2.840521	0.859974	3.313572
-8.600000	-0.241199	3.363175	-2.420195
-8.500000	-10.319786	-15.326079	2.401775
-8.400000	-3.731439	-4.747294	1.633037
-8.300000	-5.280389	-8.398917	3.706895
-8.200000	-5.799330	-6.427288	4.776518
-8.100000	-4.744695	-0.353911	2.808085
-8.000000	2.445757	-24.550344	-1.948002
-7.900000	-2.800846	-2.969500	1.303448
-7.800000	-6.944499	-2.540736	-6.047587
-7.700000	0.123942	-5.308250	-1.742467
-7.600000	0.258136	1.233355	3.590075
-7.500000	-5.211493	5.996231	2.668499
-7.400000	0.163589	6.029245	0.490906
-7.300000	3.417532	1.380610	-1.780541
-7.200000	-5.414766	0.801533	5.508610
-7.100000	-8.837729	-10.799691	-0.293972
-7.000000	5.013778	12.933967	-2.075552
-6.900000	-7.166110	-13.898738	-2.774506
-6.800000	8.038669	9.329373	2.653110
-6.700000	9.638140	9.765696	4.908331
-6.600000	-3.206847	1.013826	2.152507
-6.500000	11.573553	15.696386	3.275867
-6.400000	3.123173	-7.521345	8.074259
-6.300000	-2.710795	7.606906	3.682859
-6.200000	-1.482345	0.591281	-0.933358
-6.100000	1.683347	-5.423971	-1.435133
-6.000000	-0.416565	6.270486	2.247882
-5.900000	-4.712858	-5.693994	0.169316
-5.800000	10.506835	4.450185	8.320008
-5.700000	8.394583	6.327211	8.932881
-5.600000	7.766791	1.634870	8.666800
-5.500000	15.679058	5.767330	12.495814
-5.400000	6.806373	-7.184873	5.911492
-5.300000	6.897879	0.522328	3.402667
-5.200000	9.907059	7.983476	9.417191
-5.100000	11.652035	-16.231544	9.005439
-5.000000	2.895078	13.458279	7.563584
-4.900000	8.909098	-6.871085	11.896151
-4.800000	22.685946	5.107333	15.619013
-4.700000	14.716426	-0.782349	14.675863
-4.600000	20.765427	7.203066	19.558185
-4.500000	25.550938	9.844271	17.389346
-4.400000	18.562477	21.139690	22.696260
-4.300000	30.965253	17.693103	24.248637
-4.200000	20.277353	16.320736	22.629333
-4.100000	28.467964	29.822964	25.129030
-4.000000	34.733546	32.375524	35.794581
-3.900000	22.745841	25.751569	38.272088
-3.800000	42.813240	58.545735	32.322833
-3.700000	46.190811	40.641611	42.862037
-3.600000	41.704407	32.919325	47.136776
-3.500000	48.210889	51.626838	43.576514
-3.400000	55.077984	72.635640	46.199220
-3.300000	56.657452	78.864935	58.874498
-3.200000	62.228041	46.532589	63.734842
-3.100000	62.012174	54.540466	60.502244
-3.000000	72.547517	74.745646	69.154750
-2.900000	73.080513	71.734679	76.166532
-2.800000	75.651802	72.312977	70.688943
-2.700000	83.656238	87.740271	81.887959
-2.600000	81.099136	93.156898	77.926246
-2.500000	89.701987	84.069382	85.016581
-2.400000	93.218813	105.035653	94.137789
-2.300000	92.614563	92.475641	100.183958
-2.200000	106.329842	112.624529	99.182038
-2.100000	108.048219	112.405533	109.297760
-2.000000	121.711678	122.712753	114.531288
-1.900000	123.927844	122.276842	119.819777
-1.800000	123.919259	120.441160	120.337133
-1.700000	125.664609	139.131025	126.039045
-1.600000	136.574885	127.060933	139.908264
-1.500000	151.479094	144.724497	135.142765
-1.400000	133.041102	124.566919	142.302600
-1.300000	150.000652	159.674620	151.736607
-1.200000	167.543589	160.164756	159.831002
-1.100000	155.512092	129.785181	155.566455
-1.000000	160.436908	173.865755	166.818179
-0.900000	160.806928	149.341865	166.192277
-0.800000	166.880598	178.401686	168.535267
-0.700000	172.239770	164.888370	174.163915
-0.600000	166.270075	179.173405	172.368892
-0.500000	183.281311	164.630262	178.505249
-0.400000	170.215564	167.219407	176.606747
-0.300000	179.200541	188.524204	174.875094
-0.200000	190.965708	195.251084	188.176813
-0.100000	170.044504	174.806032	178.295361
-0.000000	177.279825	177.561655	182.493888
0.100000	188.765664	179.233741	180.546615
0.200000	176.189231	168.698880	181.227207
0.300000	179.120476	193.214906	177.402605
0.400000	162.794111	175.479928	179.080113
0.500000	177.646436	160.262418	184.527906
0.600000	172.350937	177.419140	167.121809
0.700000	172.133358	175.561790	170.303651
0.800000	170.581572	172.704135	172.249383
0.900000	164.535885	161.162193	165.397601
1.000000	155.098283	144.717230	157.817775
1.100000	150.053152	156.310252	153.469736
1.200000	152.245785	150.824990	148.397217
1.300000	147.588275	143.493438	151.413241
1.400000	153.905724	163.415622	149.115237
1.500000	140.695255	148.672078	143.859466
1.600000	143.750659	143.981925	134.673486
1.700000	133.315201	134.523502	134.455502
1.800000	124.748047	131.597986	127.969779
1.900000	118.599733	110.993415	115.318380
2.000000	121.563933	117.220311	119.103166
2.100000	102.734632	105.093583	116.716945
2.200000	108.944994	102.905435	99.361461
2.300000	96.582642	95.492994	94.696450
2.400000	82.754077	100.004511	92.053046
2.500000	105.111441	79.486516	87.533423
2.600000	92.298057	89.802042	84.939753
2.700000	79.134460	75.061221	77.245870
2.800000	62.508364	63.726140	74.384193
2.900000	66.270363	56.761389	74.006507
3.000000	64.436471	50.034149	58.941535
3.100000	70.179228	60.545519	61.559703
3.200000	61.275369	64.214451	60.689610
3.300000	54.845857	59.054229	59.624310
3.400000	42.802977	60.107883	51.540242
3.500000	43.312428	44.104108	44.696594
3.600000	48.571110	32.236473	43.565957
3.700000	32.729263	38.647623	35.967994
3.800000	34.391758	29.654705	39.560802
3.900000	32.876606	14.484775	36.670887
4.000000	20.020807	17.614764	32.956276
4.100000	22.842963	19.575926	18.341304
4.200000	24.971132	24.524205	27.283891
4.300000	14.063788	5.443724	24.329993
4.400000	22.624926	28.169682	20.521429
4.500000	27.866272	18.213520	13.006221
4.600000	19.999291	32.057935	13.099941
4.700000	8.499628	-3.327832	11.643094
4.800000	13.988642	4.379781	20.276179
4.900000	9.540474	-13.094743	20.119705
5.000000	10.214993	6.904550	18.983044
5.100000	5.622343	18.276988	11.950007
5.200000	3.523153	11.190785	10.589146
5.300000	9.514294	2.487299	9.580340
5.400000	14.008821	3.264016	6.585609
5.500000	5.026807	4.624633	5.447652
5.600000	10.746397	12.251889	8.026579
5.700000	0.843320	-4.783512	5.750774
5.800000	2.811992	1.801657	3.092450
5.900000	-0.778902	1.813974	0.140898
6.000000	13.104132	11.612706	9.304745
6.100000	6.381320	-1.352202	5.156559
6.200000	-5.942041	-8.501255	-4.732410
6.300000	10.707694	4.970064	-2.259749
6.400000	5.012744	-5.998088	8.585515
6.500000	3.320143	-7.470021	-1.001677
6.600000	5.615475	16.781684	-0.444214
6.700000	1.548983	-9.743293	-1.363355
6.800000	-1.213081	10.199258	6.153633
6.900000	-4.334789	-8.646115	2.436723
7.000000	-11.096893	-8.461001	-2.116264
7.100000	10.655065	6.065001	4.874878
7.200000	9.088759	9.267547	4.412777
7.300000	-2.202207	-6.835115	0.848278
7.400000	-11.159358	1.531716	-7.867674
7.500000	-4.320324	-7.213250	-2.349110
7.600000	-5.867279	2.664628	-5.195747
7.700000	6.466547	8.730719	2.395412
7.800000	-3.912892	1.702391	-6.086384
7.900000	1.157708	6.018109	1.153223
8.000000	8.354658	-8.391675	3.663593
8.100000	0.928387	17.330489	5.312741
8.200000	2.742278	-0.185153	-0.216102
8.300000	-6.658024	-3.271780	-9.144859
8.400000	-6.319797	-5.595803	1.915549
8.500000	9.097140	-7.170159	4.708346
8.600000	-7.037288	-5.097713	2.006003
8.700000	8.285946	8.027381	-1.430274
8.800000	6.267753	10.896950	-1.529607
8.900000	0.016873	1.533638	-2.946744
9.000000	-11.181030	-9.261500	-2.661626
9.100000	13.592018	6.539540	0.957592
9.200000	-9.377807	8.065871	0.892126
9.300000	4.817599	-2.500640	-1.393149
9.400000	-1.630790	-0.076381	-0.153847
9.500000	-1.597135	-12.617351	0.894524
9.600000	-0.472798	-3.484338	-0.220695
9.700000	2.550751	6.711837	0.866350
9.800000	-1.910756	-11.443602	-4.624586
9.900000	2.866263	3.123503	-8.867370
10.000000	0.112438	-2.380318	3.363282
